10	0.011266
10.035	0.0144761
10.07	0.0113666
10.1051	0.0211942
10.1401	0.0171489
10.1751	0.00846236
10.2101	0.00840986
10.2451	0.0123485
10.2801	0.0058099
10.3152	0.0158314
10.3502	0.011808
10.3852	0.0112823
10.4202	0.0134348
10.4552	0.0186141
10.4902	0.0108548
10.5253	0.0094348
10.5603	0.0175436
10.5953	0.0148378
10.6303	0.0083951
10.6653	0.0100259
10.7004	0.0109769
10.7354	0.0118091
10.7704	0.003217
10.8054	0.00228758
10.8404	0.00556305
10.8754	0.00517631
10.9105	0.00678088
10.9455	0.0131736
10.9805	0.00915535
11.0155	0.010982
11.0505	0.00387848
11.0855	0.00769179
11.1206	0.0129363
11.1556	0.0129748
11.1906	0.00637713
11.2256	0.0108083
11.2606	0.0209942
11.2956	0.00991201
11.3307	0.00653407
11.3657	0.00913119
11.4007	0.0104609
11.4357	0.00924416
11.4707	0.00984323
11.5058	0.00278277
11.5408	0.00518685
11.5758	0.00925332
11.6108	0.00917366
11.6458	0.00716905
11.6808	0.00911493
11.7159	0.0103051
11.7509	0.0144471
11.7859	0.00950394
11.8209	0.0119955
11.8559	0.007292
11.8909	0.0128605
11.926	0.0118787
11.961	0.0143291
11.996	0.0135673
12.031	0.0129437
12.066	0.00950791
12.1011	0.0112247
12.1361	0.0153175
12.1711	0.00673963
12.2061	0.00685796
12.2411	0.0109072
12.2761	0.0120764
12.3112	0.00587947
12.3462	0.00962619
12.3812	0.00953001
12.4162	-0.0010764
12.4512	0.00890203
12.4862	0.00921341
12.5213	0.00919854
12.5563	0.0170796
12.5913	0.00392101
12.6263	0.00587689
12.6613	-0.00306098
12.6963	0.00759542
12.7314	0.00802178
12.7664	0.00745011
12.8014	0.0155384
12.8364	0.0143031
12.8714	0.0103893
12.9065	0.00814693
12.9415	0.0151309
12.9765	0.00990121
13.0115	0.00590865
13.0465	0.00141876
13.0815	0.00779343
13.1166	0.0137732
13.1516	0.0213827
13.1866	0.0103081
13.2216	0.00617322
13.2566	0.00407517
13.2916	0.0127598
13.3267	0.00117692
13.3617	0.0127517
13.3967	0.0140886
13.4317	0.0121814
13.4667	0.00890169
13.5018	0.0128247
13.5368	0.0108547
13.5718	0.00610938
13.6068	0.0192521
13.6418	0.0082416
13.6768	0.0138788
13.7119	-0.00209307
13.7469	0.0163824
13.7819	0.0173438
13.8169	0.0101492
13.8519	0.0127939
13.8869	0.0127926
13.922	0.00678608
13.957	0.0127356
13.992	0.00595685
14.027	0.00695622
14.062	0.0156347
14.097	0.0148733
14.1321	0.00646812
14.1671	0.00633212
14.2021	0.00677202
14.2371	0.0136632
14.2721	0.00500008
14.3072	0.0117836
14.3422	0.0137342
14.3772	0.00955877
14.4122	0.0150503
14.4472	0.00847845
14.4822	0.00893072
14.5173	0.00511377
14.5523	0.0150859
14.5873	0.0061674
14.6223	0.0117489
14.6573	0.00964342
14.6923	0.00473608
14.7274	0.00695448
14.7624	0.0169144
14.7974	0.0110083
14.8324	0.00495425
14.8674	0.0115266
14.9025	0.00926943
14.9375	0.0272702
14.9725	0.0114256
15.0075	0.00809688
15.0425	0.0171001
15.0775	0.000794819
15.1126	0.0104716
15.1476	0.0199721
15.1826	0.009419
15.2176	0.00133349
15.2526	0.00802041
15.2876	0.0172726
15.3227	0.0118803
15.3577	0.00580572
15.3927	0.00657379
15.4277	0.0072015
15.4627	0.011806
15.4977	0.016691
15.5328	0.0152621
15.5678	0.0122801
15.6028	0.00334178
15.6378	0.00336034
15.6728	0.0126663
15.7079	0.00327264
15.7429	0.00887216
15.7779	0.0115208
15.8129	0.00431203
15.8479	0.00487869
15.8829	0.00952939
15.918	0.0125183
15.953	0.0153076
15.988	0.0130353
16.023	0.0103683
16.058	0.00626903
16.093	0.00464547
16.1281	0.00744561
16.1631	0.0120497
16.1981	0.0116831
16.2331	-0.00049951
16.2681	0.00607161
16.3032	0.0160225
16.3382	0.0103961
16.3732	0.00291496
16.4082	0.0217791
16.4432	0.00985529
16.4782	0.0119217
16.5133	0.0119976
16.5483	0.00816202
16.5833	0.00636213
16.6183	0.0206084
16.6533	0.015016
16.6883	0.0141097
16.7234	0.0128814
16.7584	0.00498341
16.7934	0.0163877
16.8284	0.00578434
16.8634	0.0114164
16.8984	0.00180305
16.9335	-0.000204294
16.9685	0.0115915
17.0035	0.0059545
17.0385	5.41621e-05
17.0735	0.012703
17.1086	0.0206004
17.1436	0.0169478
17.1786	0.00871341
17.2136	0.0100442
17.2486	0.0144385
17.2836	0.0156106
17.3187	0.00828232
17.3537	0.0101709
17.3887	0.0115031
17.4237	0.0127694
17.4587	0.00933462
17.4937	0.00939957
17.5288	0.0168992
17.5638	0.0160476
17.5988	0.0123871
17.6338	0.0185955
17.6688	0.00806777
17.7039	0.0181149
17.7389	0.0127126
17.7739	0.0263551
17.8089	0.00403759
17.8439	0.00655327
17.8789	0.012094
17.914	0.0119862
17.949	0.0197507
17.984	0.00665813
18.019	0.0145246
18.054	0.0158123
18.089	0.0135232
18.1241	0.00519502
18.1591	0.0170388
18.1941	0.0161466
18.2291	0.0129979
18.2641	0.0110217
18.2991	0.0111305
18.3342	0.00960632
18.3692	0.0132039
18.4042	0.0101557
18.4392	0.00575738
18.4742	0.00475704
18.5093	0.00623982
18.5443	0.0111107
18.5793	0.00986522
18.6143	0.0110767
18.6493	0.0125041
18.6843	0.0068634
18.7194	0.0173283
18.7544	0.00866145
18.7894	0.00783287
18.8244	0.0124119
18.8594	0.000817449
18.8944	0.00604733
18.9295	0.0149054
18.9645	0.00131289
18.9995	0.0155879
19.0345	0.0175557
19.0695	0.00815272
19.1046	0.0114591
19.1396	0.0155954
19.1746	0.00766605
19.2096	0.0143389
19.2446	0.00664426
19.2796	0.00761199
19.3147	0.00600332
19.3497	0.0117132
19.3847	0.0157898
19.4197	0.00907944
19.4547	0.00364375
19.4897	0.00458647
19.5248	0.011973
19.5598	0.0192206
19.5948	0.0119686
19.6298	0.00806552
19.6648	0.0138309
19.6998	0.00880251
19.7349	0.00810857
19.7699	0.0052077
19.8049	0.0170422
19.8399	-0.00269604
19.8749	0.0139893
19.91	0.00768128
19.945	0.0079483
19.98	0.0184616
20.015	0.00642934
20.05	0.00659965
20.085	0.00934803
20.1201	0.0120692
20.1551	0.00779072
20.1901	0.00213071
20.2251	0.00567151
20.2601	0.0164067
20.2951	0.0103739
20.3302	0.0122554
20.3652	0.00869289
20.4002	0.00670251
20.4352	0.0183878
20.4702	0.00905904
20.5053	0.00778315
20.5403	0.0154807
20.5753	0.0063882
20.6103	0.00702636
20.6453	0.0100512
20.6803	0.0100014
20.7154	0.0112981
20.7504	0.0204583
20.7854	0.0116812
20.8204	-0.00189027
20.8554	0.0116315
20.8904	0.0101894
20.9255	0.0102173
20.9605	0.0112297
20.9955	0.00985661
21.0305	0.00973694
21.0655	0.0130652
21.1006	0.0072896
21.1356	0.00526157
21.1706	0.0251189
21.2056	0.00642071
21.2406	0.0105007
21.2756	0.0025217
21.3107	0.0105823
21.3457	0.00533387
21.3807	0.00778764
21.4157	0.0152253
21.4507	0.01236
21.4857	0.012842
21.5208	0.00114398
21.5558	0.0191845
21.5908	0.00404059
21.6258	0.0176428
21.6608	0.0151077
21.6958	0.0128867
21.7309	0.00572508
21.7659	0.0107579
21.8009	0.00764539
21.8359	0.0101452
21.8709	0.00875064
21.906	-0.000193053
21.941	0.0156089
21.976	0.00959446
22.011	0.007576
22.046	0.00719836
22.081	0.0117923
22.1161	0.00553122
22.1511	-0.00127588
22.1861	0.0120356
22.2211	0.0125955
22.2561	0.00900184
22.2911	0.00426049
22.3262	0.0104447
22.3612	0.00267734
22.3962	0.00486385
22.4312	0.00624651
22.4662	0.0142197
22.5013	0.00818695
22.5363	0.00776067
22.5713	0.0197735
22.6063	0.0117623
22.6413	0.011695
22.6763	0.0081515
22.7114	0.00701814
22.7464	-0.000932032
22.7814	0.0148437
22.8164	0.0122415
22.8514	0.00910417
22.8864	0.00931387
22.9215	0.0136807
22.9565	0.00222645
22.9915	0.00705059
23.0265	0.00431849
23.0615	0.0188575
23.0965	0.0143783
23.1316	-0.00101346
23.1666	0.00243119
23.2016	0.00933827
23.2366	0.0076378
23.2716	0.00337809
23.3067	0.0197238
23.3417	0.0115627
23.3767	0.0123741
23.4117	0.00653993
23.4467	0.0136114
23.4817	0.00809784
23.5168	0.00858328
23.5518	0.013055
23.5868	0.00185501
23.6218	0.0179851
23.6568	0.0109119
23.6918	0.0164047
23.7269	0.0046229
23.7619	0.00538417
23.7969	0.0041905
23.8319	0.0112515
23.8669	0.0103299
23.902	0.00767794
23.937	0.00492965
23.972	0.00366702
24.007	0.00975758
24.042	0.00767207
24.077	0.00657197
24.1121	0.0177354
24.1471	0.00958837
24.1821	0.0163502
24.2171	0.00733374
24.2521	0.0112239
24.2871	0.00972262
24.3222	0.00151189
24.3572	0.0171417
24.3922	0.00932423
24.4272	0.0137321
24.4622	0.00623986
24.4972	0.00917578
24.5323	0.00566574
24.5673	0.01618
24.6023	0.011557
24.6373	0.0118353
24.6723	0.0167909
24.7074	0.0157817
24.7424	0.0138267
24.7774	0.00289136
24.8124	0.0065216
24.8474	0.00498056
24.8824	0.0136377
24.9175	0.0108533
24.9525	0.00304744
24.9875	0.00905628
25.0225	0.00252944
25.0575	0.00973422
25.0925	0.00172314
25.1276	0.0126441
25.1626	0.0118898
25.1976	0.0195397
25.2326	0.0142394
25.2676	0.00788543
25.3027	0.0140904
25.3377	0.00301168
25.3727	0.00518764
25.4077	0.0116657
25.4427	-0.000791248
25.4777	0.0098142
25.5128	0.00489868
25.5478	0.0105065
25.5828	0.00461132
25.6178	0.0121212
25.6528	0.0100966
25.6878	0.0170018
25.7229	0.0100337
25.7579	0.00615679
25.7929	0.00876557
25.8279	0.00327882
25.8629	0.0120307
25.8979	0.0129493
25.933	0.022346
25.968	0.00689082
26.003	0.00866103
26.038	0.00712121
26.073	0.0110606
26.1081	0.0119085
26.1431	0.00973313
26.1781	0.0154316
26.2131	0.0069151
26.2481	0.0149309
26.2831	0.0126925
26.3182	0.00993985
26.3532	0.00842532
26.3882	0.0221333
26.4232	0.00591496
26.4582	0.0114897
26.4932	0.0062489
26.5283	0.0189281
26.5633	0.0144341
26.5983	0.00660825
26.6333	0.012563
26.6683	0.0112885
26.7034	0.00741688
26.7384	0.0137908
26.7734	0.0119465
26.8084	0.0110785
26.8434	0.0097904
26.8784	0.0121553
26.9135	0.0111469
26.9485	0.0102955
26.9835	0.00679492
27.0185	0.0184688
27.0535	0.0047479
27.0885	0.0121382
27.1236	0.0083988
27.1586	0.0187977
27.1936	0.0054826
27.2286	0.00632371
27.2636	0.00515097
27.2986	0.0116175
27.3337	0.00313504
27.3687	0.00760798
27.4037	-0.000760523
27.4387	0.0112048
27.4737	0.00750429
27.5088	0.00257028
27.5438	0.0154484
27.5788	0.00350027
27.6138	0.0140564
27.6488	0.00662517
27.6838	0.0182405
27.7189	0.0141549
27.7539	0.00565828
27.7889	0.00658985
27.8239	0.0149666
27.8589	0.0118249
27.8939	0.0141293
27.929	0.0241014
27.964	0.0180626
27.999	0.0281143
28.034	0.0406702
28.069	0.0512883
28.1041	0.0617203
28.1391	0.0811762
28.1741	0.0997727
28.2091	0.135636
28.2441	0.182273
28.2791	0.227509
28.3142	0.283901
28.3492	0.351417
28.3842	0.409319
28.4192	0.487794
28.4542	0.56605
28.4892	0.637319
28.5243	0.720135
28.5593	0.782687
28.5943	0.834495
28.6293	0.883706
28.6643	0.893392
28.6993	0.909958
28.7344	0.903368
28.7694	0.871424
28.8044	0.836349
28.8394	0.774853
28.8744	0.718996
28.9095	0.648893
28.9445	0.569307
28.9795	0.482512
29.0145	0.413088
29.0495	0.351503
29.0845	0.285833
29.1196	0.216645
29.1546	0.18852
29.1896	0.142943
29.2246	0.105454
29.2596	0.0884472
29.2946	0.0597853
29.3297	0.0442921
29.3647	0.0380498
29.3997	0.0368223
29.4347	0.0301061
29.4697	0.0196639
29.5048	0.017372
29.5398	0.0171496
29.5748	0.00568969
29.6098	0.0144185
29.6448	0.00704203
29.6798	0.0120079
29.7149	0.00910028
29.7499	0.0126393
29.7849	0.0106638
29.8199	-0.00532564
29.8549	0.0109153
29.8899	0.0132216
29.925	0.0122351
29.96	0.00948982
29.995	0.0182122
30.03	0.0115575
30.065	0.0121887
30.1001	0.0152226
30.1351	0.011813
30.1701	0.00550994
30.2051	-0.00219167
30.2401	0.0076144
30.2751	0.0138047
30.3102	0.00823452
30.3452	0.0140059
30.3802	0.0107436
30.4152	0.0164403
30.4502	0.00852392
30.4852	0.0123381
30.5203	0.0125294
30.5553	0.017508
30.5903	0.00146681
30.6253	0.00770796
30.6603	0.0142426
30.6953	0.0177295
30.7304	0.0112004
30.7654	0.00853648
30.8004	0.0137856
30.8354	0.0143435
30.8704	0.00820169
30.9055	0.0116515
30.9405	0.0159026
30.9755	0.0194523
31.0105	0.013713
31.0455	0.0102207
31.0805	0.00972962
31.1156	0.012787
31.1506	0.00942164
31.1856	0.0109482
31.2206	0.00471062
31.2556	0.0164853
31.2906	0.00429908
31.3257	0.00783944
31.3607	0.010488
31.3957	0.0199549
31.4307	0.00788659
31.4657	0.00666992
31.5008	0.00724592
31.5358	0.0182945
31.5708	-0.00406173
31.6058	0.00498631
31.6408	0.0236564
31.6758	0.0129544
31.7109	0.00447008
31.7459	0.00979041
31.7809	0.0103373
31.8159	0.0142306
31.8509	0.0191975
31.8859	0.0119428
31.921	0.00730108
31.956	0.0139355
31.991	0.00650889
32.026	0.00483367
32.061	0.00120127
32.096	0.0021762
32.1311	0.00552181
32.1661	0.00411969
32.2011	0.0115842
32.2361	0.00403964
32.2711	-0.00564564
32.3062	0.00492099
32.3412	0.00790567
32.3762	0.00745978
32.4112	0.0184704
32.4462	0.00845721
32.4812	0.0170023
32.5163	0.0142196
32.5513	0.0167752
32.5863	0.016854
32.6213	0.0266863
32.6563	0.0316589
32.6913	0.0481409
32.7264	0.0620205
32.7614	0.0792795
32.7964	0.115321
32.8314	0.144837
32.8664	0.178838
32.9015	0.22576
32.9365	0.273099
32.9715	0.320519
33.0065	0.37714
33.0415	0.423488
33.0765	0.4666
33.1116	0.499966
33.1466	0.532516
33.1816	0.550948
33.2166	0.54499
33.2516	0.547938
33.2866	0.514133
33.3217	0.479955
33.3567	0.433019
33.3917	0.38869
33.4267	0.3236
33.4617	0.263302
33.4967	0.225196
33.5318	0.186
33.5668	0.145289
33.6018	0.113254
33.6368	0.0918224
33.6718	0.0660561
33.7069	0.0519966
33.7419	0.0313065
33.7769	0.0218723
33.8119	0.0293559
33.8469	0.0176617
33.8819	0.0113094
33.917	0.00956108
33.952	0.00832263
33.987	0.00735394
34.022	0.00408643
34.057	0.00277146
34.092	0.00917028
34.1271	0.00711062
34.1621	0.0155738
34.1971	0.0114841
34.2321	0.0113356
34.2671	0.0062886
34.3022	0.00939677
34.3372	0.0118059
34.3722	0.0135813
34.4072	0.0095307
34.4422	0.0153957
34.4772	0.01004
34.5123	0.0139642
34.5473	0.00755074
34.5823	0.00093706
34.6173	0.0113418
34.6523	0.0136266
34.6873	0.0128767
34.7224	0.0121109
34.7574	0.00825707
34.7924	0.00596627
34.8274	0.0127586
34.8624	0.0121322
34.8974	0.0071955
34.9325	0.0155471
34.9675	0.00558567
35.0025	0.00708238
35.0375	0.0181821
35.0725	0.0143429
35.1076	0.00820995
35.1426	0.0114369
35.1776	0.010774
35.2126	-0.00372807
35.2476	0.00546763
35.2826	0.00974577
35.3177	0.00821694
35.3527	0.0112355
35.3877	0.0156474
35.4227	0.00839232
35.4577	0.00471173
35.4927	0.0116243
35.5278	0.00836688
35.5628	0.00921968
35.5978	0.00854113
35.6328	0.0212092
35.6678	-0.00120352
35.7029	0.00805833
35.7379	0.00998155
35.7729	0.00609429
35.8079	0.0144991
35.8429	0.0140663
35.8779	0.00976123
35.913	0.00864663
35.948	0.00944022
35.983	0.00947607
36.018	0.00960813
36.053	0.00906
36.088	0.0112622
36.1231	0.0137661
36.1581	0.0038487
36.1931	0.00474668
36.2281	0.00125741
36.2631	0.014332
36.2981	0.0112516
36.3332	0.0125263
36.3682	0.00285251
36.4032	0.0189247
36.4382	0.00695575
36.4732	0.010841
36.5083	0.0142719
36.5433	0.0050651
36.5783	0.00726838
36.6133	0.0108959
36.6483	0.0242874
36.6833	0.0115056
36.7184	0.0180318
36.7534	0.0160284
36.7884	0.0118401
36.8234	0.00505402
36.8584	0.0152988
36.8934	0.00250945
36.9285	0.0180044
36.9635	0.011
36.9985	-0.00325112
37.0335	0.00829747
37.0685	0.0132697
37.1036	0.00881488
37.1386	0.013575
37.1736	0.00574988
37.2086	0.00347009
37.2436	0.00964277
37.2786	0.0101578
37.3137	0.00825808
37.3487	0.0161365
37.3837	0.00574896
37.4187	0.0115658
37.4537	0.0103398
37.4887	0.00221642
37.5238	0.00340485
37.5588	0.0100596
37.5938	0.019906
37.6288	0.0128963
37.6638	0.00137183
37.6988	-0.00555244
37.7339	0.0136653
37.7689	0.00951893
37.8039	0.0157063
37.8389	0.00559641
37.8739	0.0117511
37.909	0.0142309
37.944	0.00776268
37.979	0.00786957
38.014	0.0101263
38.049	0.0127134
38.084	0.00992833
38.1191	0.01487
38.1541	0.00769032
38.1891	0.00335802
38.2241	0.0198849
38.2591	0.00697683
38.2941	0.00715779
38.3292	0.00967098
38.3642	0.0103359
38.3992	0.00806658
38.4342	0.00991283
38.4692	0.00980119
38.5043	0.0108741
38.5393	-0.00178744
38.5743	0.0194044
38.6093	0.00926356
38.6443	0.0129031
38.6793	0.00310949
38.7144	0.007645
38.7494	0.00663842
38.7844	0.0173486
38.8194	0.00707093
38.8544	0.0137904
38.8894	0.0067479
38.9245	0.00773691
38.9595	0.00877225
38.9945	0.0164192
39.0295	0.000550737
39.0645	0.00342168
39.0995	0.000263474
39.1346	0.00456249
39.1696	0.005942
39.2046	0.00192759
39.2396	0.00632926
39.2746	-7.35724e-05
39.3097	0.00491006
39.3447	0.0160021
39.3797	0.0120179
39.4147	0.0109373
39.4497	0.00498611
39.4847	0.00231958
39.5198	0.00430422
39.5548	0.00978395
39.5898	0.0143409
39.6248	0.0145118
39.6598	0.0131531
39.6948	0.00631222
39.7299	0.0101227
39.7649	0.00839329
39.7999	0.00899405
39.8349	0.0201856
39.8699	0.00119
39.905	0.00882662
39.94	0.0160587
39.975	0.00267054
40.01	0.00678126
40.045	0.00735481
40.08	0.00888355
40.1151	0.00202021
40.1501	0.0129764
40.1851	0.0133314
40.2201	0.0125419
40.2551	0.00564813
40.2901	0.0104326
40.3252	0.0055028
40.3602	0.00833702
40.3952	0.0207673
40.4302	0.0104785
40.4652	0.00406237
40.5003	0.0109017
40.5353	0.00324102
40.5703	0.00400495
40.6053	0.00479438
40.6403	0.00777845
40.6753	0.0146848
40.7104	0.012892
40.7454	0.012615
40.7804	0.00450538
40.8154	0.00729343
40.8504	0.01136
40.8854	0.0068584
40.9205	0.00860817
40.9555	0.0122068
40.9905	0.00825614
41.0255	0.0111303
41.0605	0.0179636
41.0955	0.00914071
41.1306	0.0158967
41.1656	0.0127969
41.2006	0.00266379
41.2356	0.00448931
41.2706	0.00583202
41.3057	0.00572583
41.3407	0.00954855
41.3757	0.0130732
41.4107	0.0162758
41.4457	0.0115409
41.4807	0.0077716
41.5158	-0.000411206
41.5508	0.0103529
41.5858	0.0101289
41.6208	0.0109146
41.6558	0.0205312
41.6908	0.016203
41.7259	0.0139253
41.7609	0.00518961
41.7959	0.00743503
41.8309	0.00952578
41.8659	0.00612296
41.901	0.0125023
41.936	0.0117845
41.971	0.00455846
42.006	0.0159841
42.041	0.0105116
42.076	0.00135464
42.1111	0.00974329
42.1461	0.011406
42.1811	0.014864
42.2161	0.00831262
42.2511	0.0141397
42.2861	0.0109357
42.3212	0.00342473
42.3562	0.00292417
42.3912	0.0156128
42.4262	0.0159799
42.4612	0.0116145
42.4962	0.0174785
42.5313	0.015283
42.5663	0.0134181
42.6013	0.00544344
42.6363	0.0186571
42.6713	0.0126815
42.7064	0.00807081
42.7414	0.00665865
42.7764	0.0112839
42.8114	0.0016447
42.8464	0.0134984
42.8814	0.00523215
42.9165	0.011853
42.9515	0.0073919
42.9865	0.00867791
43.0215	0.00621545
43.0565	0.00919385
43.0915	0.0194469
43.1266	0.0169253
43.1616	0.0117724
43.1966	0.00987353
43.2316	0.014221
43.2666	0.0156499
43.3017	0.00585091
43.3367	0.00961281
43.3717	0.000890209
43.4067	0.0156155
43.4417	0.0203251
43.4767	0.0104004
43.5118	-0.000625051
43.5468	0.0130445
43.5818	0.00547955
43.6168	0.00668325
43.6518	0.0131329
43.6868	0.0112728
43.7219	0.00755946
43.7569	0.00675197
43.7919	0.0106292
43.8269	0.00795267
43.8619	0.00445381
43.8969	0.00833718
43.932	0.011698
43.967	0.00910948
44.002	0.00293246
44.037	0.0149453
44.072	-0.00369406
44.1071	0.00776817
44.1421	0.00689901
44.1771	0.0107409
44.2121	0.0128083
44.2471	0.0156338
44.2821	0.00643798
44.3172	0.0129329
44.3522	0.0109791
44.3872	0.0014423
44.4222	0.0195027
44.4572	0.00280612
44.4922	0.0120975
44.5273	0.0119498
44.5623	0.0113782
44.5973	0.00752712
44.6323	0.0141363
44.6673	0.00219816
44.7024	0.00967086
44.7374	0.00718063
44.7724	0.00661351
44.8074	0.0121437
44.8424	0.0153874
44.8774	0.00828372
44.9125	0.0139034
44.9475	0.0102487
44.9825	0.00553634
45.0175	0.00871024
45.0525	0.00850257
45.0875	0.0065167
45.1226	0.0121424
45.1576	0.0111732
45.1926	0.00204675
45.2276	0.00174237
45.2626	0.0121234
45.2976	0.00592357
45.3327	0.0115102
45.3677	0.0139047
45.4027	0.00364524
45.4377	0.00294231
45.4727	0.0183722
45.5078	0.0117579
45.5428	0.0079038
45.5778	0.0053303
45.6128	0.0074478
45.6478	0.00404714
45.6828	0.0144171
45.7179	0.00611625
45.7529	0.0154677
45.7879	0.00799686
45.8229	0.00478326
45.8579	0.00786852
45.8929	-0.00312079
45.928	0.00939625
45.963	0.00914957
45.998	0.014124
46.033	0.000569065
46.068	0.0158104
46.1031	0.0141049
46.1381	0.0162637
46.1731	0.00974245
46.2081	0.01508
46.2431	0.00266166
46.2781	0.0135954
46.3132	0.00619421
46.3482	0.00182496
46.3832	0.0045118
46.4182	0.010239
46.4532	0.00621088
46.4882	0.0123961
46.5233	0.00174831
46.5583	0.000556672
46.5933	0.0186378
46.6283	0.0171285
46.6633	0.00853609
46.6983	0.0153938
46.7334	0.0227272
46.7684	0.0227126
46.8034	0.0253142
46.8384	0.035209
46.8734	0.0327055
46.9085	0.044889
46.9435	0.0550589
46.9785	0.0665284
47.0135	0.0812798
47.0485	0.101739
47.0835	0.122647
47.1186	0.141331
47.1536	0.1776
47.1886	0.19842
47.2236	0.234227
47.2586	0.267606
47.2936	0.305666
47.3287	0.328234
47.3637	0.377417
47.3987	0.401832
47.4337	0.440614
47.4687	0.457422
47.5038	0.479925
47.5388	0.504365
47.5738	0.501727
47.6088	0.510981
47.6438	0.499942
47.6788	0.490276
47.7139	0.470954
47.7489	0.451892
47.7839	0.416791
47.8189	0.38438
47.8539	0.352774
47.8889	0.32179
47.924	0.285198
47.959	0.255478
47.994	0.225485
48.029	0.183166
48.064	0.155981
48.099	0.126901
48.1341	0.121642
48.1691	0.0934112
48.2041	0.0775767
48.2391	0.0544744
48.2741	0.0496316
48.3092	0.0428317
48.3442	0.031563
48.3792	0.0323507
48.4142	0.0340076
48.4492	0.0142716
48.4842	0.0113182
48.5193	0.0101375
48.5543	0.0211748
48.5893	0.0173657
48.6243	0.0107782
48.6593	0.0111535
48.6943	0.00655571
48.7294	0.0148644
48.7644	0.00836561
48.7994	0.00886701
48.8344	0.0131482
48.8694	0.00912408
48.9045	0.00886399
48.9395	0.0100761
48.9745	0.0139905
49.0095	0.0182404
49.0445	0.012932
49.0795	0.0140192
49.1146	0.00900218
49.1496	0.00646181
49.1846	0.0132704
49.2196	0.0108564
49.2546	0.00288698
49.2896	0.00835972
49.3247	0.00958555
49.3597	0.00744773
49.3947	0.0174087
49.4297	0.0123992
49.4647	0.0168659
49.4997	0.0113171
49.5348	0.0104069
49.5698	0.00531701
49.6048	0.0100596
49.6398	0.0100653
49.6748	0.00316443
49.7099	0.00730236
49.7449	0.00838359
49.7799	0.0120674
49.8149	0.0123068
49.8499	0.00709341
49.8849	0.0123443
49.92	0.00908961
49.955	-0.0043481
49.99	0.00757649
50.025	0.0153949
50.06	0.00159097
50.095	0.0105635
50.1301	0.0179263
50.1651	0.00619694
50.2001	0.0100107
50.2351	0.00347992
50.2701	0.0181362
50.3052	0.00958334
50.3402	0.0102331
50.3752	0.0167715
50.4102	0.0133074
50.4452	0.00562186
50.4802	0.00676361
50.5153	0.0124747
50.5503	0.00687939
50.5853	-0.000586217
50.6203	0.0097338
50.6553	0.00259894
50.6903	0.0180814
50.7254	0.0108839
50.7604	0.00547412
50.7954	0.00650684
50.8304	0.000553012
50.8654	0.00450269
50.9005	0.0150816
50.9355	0.0211589
50.9705	0.013632
51.0055	0.00953979
51.0405	0.0078402
51.0755	0.00521752
51.1106	0.0202988
51.1456	0.00905626
51.1806	0.0205781
51.2156	0.0169676
51.2506	0.00129602
51.2856	0.00667024
51.3207	0.00665477
51.3557	0.00960077
51.3907	0.00969843
51.4257	0.0249812
51.4607	0.00461386
51.4957	0.0111448
51.5308	0.0130825
51.5658	0.00999214
51.6008	0.0105509
51.6358	0.00477596
51.6708	0.0105324
51.7059	0.012557
51.7409	0.011638
51.7759	0.012851
51.8109	0.017063
51.8459	0.0146848
51.8809	0.0103565
51.916	0.00414121
51.951	0.00699997
51.986	0.00890184
52.021	0.0112617
52.056	0.00760834
52.091	0.00532133
52.1261	0.00405901
52.1611	0.00174411
52.1961	0.00882525
52.2311	0.00265167
52.2661	0.00499737
52.3012	0.00803049
52.3362	0.00332041
52.3712	0.0118988
52.4062	0.0137011
52.4412	0.00725286
52.4762	0.00781486
52.5113	0.0126871
52.5463	0.00643002
52.5813	0.00608633
52.6163	0.0159825
52.6513	0.0144209
52.6863	0.0130078
52.7214	0.0146282
52.7564	0.000113606
52.7914	0.0167692
52.8264	0.0119603
52.8614	0.0150539
52.8964	0.0119358
52.9315	0.0102446
52.9665	0.00862345
53.0015	0.0118357
53.0365	0.00844126
53.0715	0.0143394
53.1066	0.00206772
53.1416	0.00729212
53.1766	0.0202241
53.2116	0.0068696
53.2466	0.00880658
53.2816	0.0055871
53.3167	0.0116792
53.3517	0.00631868
53.3867	0.00907195
53.4217	0.0142443
53.4567	0.00650618
53.4917	0.0139431
53.5268	0.0141111
53.5618	0.0152748
53.5968	0.0107027
53.6318	0.0262063
53.6668	0.0152727
53.7019	0.0116244
53.7369	0.00562038
53.7719	0.0095147
53.8069	0.0171316
53.8419	0.0185477
53.8769	0.0173916
53.912	0.013926
53.947	0.0037217
53.982	0.0124358
54.017	0.00379299
54.052	0.00256264
54.087	0.0111958
54.1221	0.012616
54.1571	0.0145169
54.1921	0.0124857
54.2271	0.0126579
54.2621	0.00507674
54.2971	0.00947512
54.3322	0.00246442
54.3672	-1.68456e-05
54.4022	0.0137032
54.4372	0.00623438
54.4722	0.0143625
54.5073	0.0155417
54.5423	0.00690341
54.5773	0.0129516
54.6123	0.00669422
54.6473	0.000770606
54.6823	0.0106165
54.7174	0.00764563
54.7524	0.00779955
54.7874	0.0198767
54.8224	0.00237072
54.8574	0.0119144
54.8924	0.00502596
54.9275	0.0145413
54.9625	0.0114922
54.9975	0.0118967
55.0325	0.00527555
55.0675	0.00617206
55.1026	0.0146363
55.1376	0.018854
55.1726	0.0124016
55.2076	0.00551293
55.2426	0.0116948
55.2776	0.0221375
55.3127	0.0105124
55.3477	0.0173097
55.3827	0.00629934
55.4177	0.00979141
55.4527	0.0131012
55.4877	0.0119928
55.5228	0.00617897
55.5578	0.00597157
55.5928	0.0149745
55.6278	0.0160141
55.6628	0.017655
55.6978	0.0191752
55.7329	0.0109256
55.7679	0.00884747
55.8029	0.0173897
55.8379	0.0145485
55.8729	0.00658693
55.908	0.00708241
55.943	0.0157858
55.978	0.013953
56.013	0.0167996
56.048	0.0251374
56.083	0.0273651
56.1181	0.0351956
56.1531	0.0252964
56.1881	0.0443217
56.2231	0.0565791
56.2581	0.0577074
56.2931	0.0766705
56.3282	0.0928295
56.3632	0.116721
56.3982	0.146711
56.4332	0.172761
56.4682	0.184348
56.5033	0.217938
56.5383	0.245371
56.5733	0.271321
56.6083	0.296783
56.6433	0.319349
56.6783	0.34601
56.7134	0.358683
56.7484	0.358632
56.7834	0.373346
56.8184	0.373685
56.8534	0.365081
56.8884	0.358138
56.9235	0.337591
56.9585	0.31772
56.9935	0.294137
57.0285	0.257939
57.0635	0.240776
57.0985	0.210565
57.1336	0.181129
57.1686	0.168534
57.2036	0.139909
57.2386	0.115397
57.2736	0.093268
57.3087	0.0806147
57.3437	0.0696118
57.3787	0.0484025
57.4137	0.0425685
57.4487	0.0389258
57.4837	0.0185776
57.5188	0.0230601
57.5538	0.0174607
57.5888	0.0161383
57.6238	0.0122406
57.6588	0.0139493
57.6938	0.021823
57.7289	0.00984798
57.7639	0.0124202
57.7989	0.0205941
57.8339	0.00764392
57.8689	0.0193197
57.904	0.0101782
57.939	0.0190014
57.974	0.0138058
58.009	0.0115677
58.044	0.00969046
58.079	0.00689039
58.1141	0.0103849
58.1491	0.0144901
58.1841	0.00993622
58.2191	0.00841784
58.2541	0.00874659
58.2891	0.0149626
58.3242	0.0161259
58.3592	0.00666431
58.3942	0.00665709
58.4292	0.0118968
58.4642	0.0176377
58.4992	0.01573
58.5343	0.00374074
58.5693	0.00867962
58.6043	0.00534698
58.6393	0.00866244
58.6743	0.0180221
58.7094	0.002887
58.7444	0.00190567
58.7794	0.00585723
58.8144	0.0114366
58.8494	0.0131038
58.8844	0.0121872
58.9195	0.0158784
58.9545	0.00118457
58.9895	0.0159417
59.0245	0.00843952
59.0595	0.0136575
59.0945	0.00338287
59.1296	0.0100248
59.1646	0.0111814
59.1996	0.0157788
59.2346	0.00207373
59.2696	0.0101538
59.3047	0.00457382
59.3397	0.0125275
59.3747	0.0138861
59.4097	0.0164359
59.4447	0.00732485
59.4797	0.0146361
59.5148	0.0168045
59.5498	0.00178377
59.5848	0.0130617
59.6198	0.0147926
59.6548	0.00870637
59.6898	0.00394613
59.7249	0.0147148
59.7599	0.00400246
59.7949	0.00910824
59.8299	0.00979938
59.8649	0.0135777
59.8999	0.00686684
59.935	0.00657708
59.97	0.0104946
60.005	0.015032
60.04	0.0214373
60.075	0.00246259
60.1101	0.0115767
60.1451	0.00456732
60.1801	0.0150941
60.2151	0.00530728
60.2501	0.00662676
60.2851	0.00705365
60.3202	0.00961901
60.3552	0.011616
60.3902	0.0124185
60.4252	0.00997116
60.4602	0.00335054
60.4952	0.0136389
60.5303	0.00973521
60.5653	0.0158087
60.6003	0.00646131
60.6353	0.00198863
60.6703	0.00982987
60.7054	0.0164798
60.7404	0.0108047
60.7754	0.00900165
60.8104	0.00564826
60.8454	0.0187888
60.8804	0.00485199
60.9155	0.00637303
60.9505	0.0128502
60.9855	0.000719897
61.0205	0.016373
61.0555	0.013121
61.0905	0.0144962
61.1256	0.0127906
61.1606	0.00919438
61.1956	0.00468426
61.2306	0.00929962
61.2656	0.00512382
61.3007	0.0124308
61.3357	0.0140339
61.3707	0.017384
61.4057	0.0118588
61.4407	0.0146229
61.4757	0.00851428
61.5108	0.00760861
61.5458	0.0123684
61.5808	0.00806764
61.6158	0.0113459
61.6508	0.00469404
61.6858	0.00559186
61.7209	0.013177
61.7559	0.0144335
61.7909	0.00507172
61.8259	0.0133531
61.8609	0.00733632
61.8959	0.0100825
61.931	0.0170847
61.966	0.0140374
62.001	0.0139794
62.036	0.019544
62.071	0.0064806
62.1061	0.00507063
62.1411	0.00638939
62.1761	0.00872749
62.2111	-0.00177275
62.2461	0.00896286
62.2811	0.00727715
62.3162	0.0139188
62.3512	0.0117621
62.3862	0.00699652
62.4212	0.0129498
62.4562	0.0136163
62.4912	0.00615727
62.5263	0.00753488
62.5613	-0.00112682
62.5963	0.0045467
62.6313	0.00628765
62.6663	0.0103708
62.7014	0.00527309
62.7364	0.00743274
62.7714	0.00387335
62.8064	0.0108556
62.8414	0.0121286
62.8764	0.0120118
62.9115	0.0100618
62.9465	0.00229464
62.9815	0.00690023
63.0165	0.00796347
63.0515	0.00798352
63.0865	0.0103749
63.1216	0.0171277
63.1566	0.0140605
63.1916	0.00506241
63.2266	0.013392
63.2616	0.0132015
63.2966	0.00596966
63.3317	0.0142443
63.3667	0.00919812
63.4017	0.00295023
63.4367	0.012276
63.4717	0.0110848
63.5068	0.00886161
63.5418	0.00981273
63.5768	0.00640457
63.6118	0.0130507
63.6468	0.00978275
63.6818	0.0108322
63.7169	0.0117857
63.7519	0.00422707
63.7869	0.00552858
63.8219	-0.00104972
63.8569	0.0128237
63.8919	0.00393895
63.927	0.0106628
63.962	0.0118549
63.997	0.0130118
64.032	0.00397992
64.067	0.00967419
64.1021	0.0183514
64.1371	0.0185716
64.1721	0.0149366
64.2071	0.0116875
64.2421	0.00497447
64.2771	0.0135931
64.3122	0.00920989
64.3472	0.0128026
64.3822	0.00683578
64.4172	0.00913533
64.4522	0.0108207
64.4872	0.0112314
64.5223	0.0124686
64.5573	0.00710403
64.5923	0.00328358
64.6273	0.0181239
64.6623	0.0224463
64.6973	0.0122371
64.7324	0.00338004
64.7674	0.00613402
64.8024	0.0125456
64.8374	0.0167056
64.8724	0.00393555
64.9075	0.00937834
64.9425	0.0109797
64.9775	0.0143229
65.0125	0.00828199
65.0475	0.00218093
65.0825	0.013106
65.1176	0.015624
65.1526	0.00958704
65.1876	0.0120262
65.2226	0.00762754
65.2576	0.00577114
65.2926	0.0151321
65.3277	0.0119375
65.3627	0.0124518
65.3977	0.0175106
65.4327	0.00472579
65.4677	0.00723987
65.5028	0.0107897
65.5378	0.00717843
65.5728	0.0139157
65.6078	0.009063
65.6428	0.00503734
65.6778	0.0103289
65.7129	0.0108517
65.7479	0.0146734
65.7829	0.0119657
65.8179	0.0123057
65.8529	0.0116015
65.8879	0.00905889
65.923	0.0064189
65.958	0.0114442
65.993	0.00833438
66.028	0.0184491
66.063	0.0167109
66.098	0.0131642
66.1331	0.0118923
66.1681	0.0095602
66.2031	0.00369438
66.2381	0.00891914
66.2731	0.010507
66.3082	0.0111473
66.3432	0.0123477
66.3782	0.0146067
66.4132	0.00653923
66.4482	0.00658462
66.4832	0.0172543
66.5183	0.0138549
66.5533	0.00804615
66.5883	0.00946394
66.6233	0.00948643
66.6583	0.0101579
66.6933	0.0123634
66.7284	0.022675
66.7634	0.0109488
66.7984	0.013313
66.8334	0.00156762
66.8684	0.0075755
66.9035	0.0161441
66.9385	0.0120116
66.9735	-0.0119456
67.0085	0.0133701
67.0435	0.0195908
67.0785	2.04621e-05
67.1136	0.0175969
67.1486	-0.00385978
67.1836	0.01469
67.2186	0.00995676
67.2536	-0.00174986
67.2886	0.0122307
67.3237	0.0157542
67.3587	0.0118194
67.3937	0.0129241
67.4287	0.00794162
67.4637	0.000693051
67.4987	0.0134593
67.5338	0.0187488
67.5688	0.0156479
67.6038	6.06209e-05
67.6388	0.00242553
67.6738	0.00577016
67.7089	0.00203512
67.7439	0.0102209
67.7789	0.0119671
67.8139	0.00284873
67.8489	0.0138856
67.8839	0.0130055
67.919	0.0072592
67.954	0.00913739
67.989	0.000250994
68.024	0.00833869
68.059	0.0100369
68.094	0.0108437
68.1291	0.0118944
68.1641	0.0112212
68.1991	0.00867828
68.2341	0.011431
68.2691	0.0150102
68.3042	0.00952251
68.3392	0.011588
68.3742	0.00906914
68.4092	0.00676621
68.4442	0.0126144
68.4792	0.00722387
68.5143	0.0119307
68.5493	0.0101413
68.5843	0.00848033
68.6193	0.00835929
68.6543	0.0074594
68.6893	0.00177099
68.7244	0.0119145
68.7594	0.0111577
68.7944	0.0142484
68.8294	0.00734272
68.8644	0.0194769
68.8994	0.00810132
68.9345	0.00562445
68.9695	0.00503158
69.0045	0.00133039
69.0395	0.0176631
69.0745	0.0168553
69.1096	0.0130037
69.1446	0.00551956
69.1796	0.0190563
69.2146	0.0082414
69.2496	0.00865487
69.2846	0.0171863
69.3197	0.0132946
69.3547	0.0210055
69.3897	0.0112436
69.4247	0.00801485
69.4597	0.00694098
69.4947	0.000765019
69.5298	0.00860702
69.5648	0.015723
69.5998	0.0129942
69.6348	0.0101015
69.6698	0.00502533
69.7049	0.0111344
69.7399	0.0150641
69.7749	0.0121536
69.8099	0.0108337
69.8449	0.00601521
69.8799	0.0143359
69.915	-0.00565952
69.95	0.0119142
69.985	0.0228516
70.02	0.00245813
70.055	0.00879315
70.09	0.00996045
70.1251	0.00768709
70.1601	0.0151819
70.1951	0.0123623
70.2301	0.0107615
70.2651	0.0139864
70.3002	0.0100838
70.3352	0.0258993
70.3702	0.0107567
70.4052	0.0109764
70.4402	0.00144766
70.4752	0.00728275
70.5103	0.0157369
70.5453	0.00332272
70.5803	-0.000787786
70.6153	0.0101616
70.6503	0.0168537
70.6853	0.0102119
70.7204	0.00831938
70.7554	0.00070756
70.7904	0.0122613
70.8254	0.0133064
70.8604	0.00109134
70.8954	0.0156727
70.9305	0.0138285
70.9655	0.0156616
71.0005	0.0129176
71.0355	0.0132684
71.0705	0.0126036
71.1056	0.0143424
71.1406	0.000906211
71.1756	0.0024947
71.2106	0.00631996
71.2456	0.0093509
71.2806	0.0119407
71.3157	0.0116234
71.3507	0.0155855
71.3857	0.0157425
71.4207	0.00563807
71.4557	0.0111929
71.4907	0.00576084
71.5258	0.00905876
71.5608	0.011609
71.5958	-0.00704356
71.6308	0.0220562
71.6658	0.012832
71.7009	0.00702148
71.7359	0.0196368
71.7709	0.00826284
71.8059	0.0106626
71.8409	0.00756442
71.8759	0.01826
71.911	0.00947508
71.946	0.0107474
71.981	0.0160189
72.016	0.0129257
72.051	0.00972826
72.086	0.015552
72.1211	0.0226924
72.1561	0.0115871
72.1911	0.0105838
72.2261	0.0108531
72.2611	0.0165521
72.2961	0.00700401
72.3312	0.00860841
72.3662	0.00231279
72.4012	0.00408066
72.4362	0.007411
72.4712	0.00972032
72.5063	0.0188454
72.5413	0.01268
72.5763	0.00543961
72.6113	0.0063601
72.6463	0.0168737
72.6813	0.0156331
72.7164	0.0101407
72.7514	0.00778737
72.7864	0.0156247
72.8214	0.00503336
72.8564	0.0119602
72.8914	0.0213633
72.9265	0.0110268
72.9615	0.00612195
72.9965	0.0120518
73.0315	0.00764996
73.0665	0.00302942
73.1016	0.0135052
73.1366	0.0155892
73.1716	0.00844547
73.2066	0.00811382
73.2416	0.00519217
73.2766	0.00925032
73.3117	0.00718816
73.3467	0.00494484
73.3817	0.0194608
73.4167	0.0123325
73.4517	0.012862
73.4867	0.014417
73.5218	0.0138552
73.5568	0.00793445
73.5918	0.0113628
73.6268	0.00865485
73.6618	0.0121923
73.6968	0.0117085
73.7319	0.0080867
73.7669	0.00335351
73.8019	0.0107312
73.8369	0.00897865
73.8719	0.000548139
73.907	0.0125383
73.942	0.0148267
73.977	0.0226418
74.012	0.00804401
74.047	0.00730644
74.082	0.00445289
74.1171	0.0110432
74.1521	0.0110116
74.1871	0.00594352
74.2221	0.00912535
74.2571	0.000106672
74.2921	0.0146319
74.3272	0.0061466
74.3622	0.00982672
74.3972	0.00286653
74.4322	0.00708823
74.4672	0.00860204
74.5023	0.00994355
74.5373	0.0123987
74.5723	0.0171954
74.6073	0.0136636
74.6423	0.0148108
74.6773	0.0172305
74.7124	0.0128486
74.7474	0.00981651
74.7824	0.0150456
74.8174	0.0153652
74.8524	0.0132431
74.8874	0.00272727
74.9225	0.00579338
74.9575	0.00862685
74.9925	0.0138999
75.0275	0.00989624
75.0625	0.0156891
75.0975	0.0165838
75.1326	0.0160078
75.1676	0.0160463
75.2026	0.00484366
75.2376	0.0124569
75.2726	0.0070284
75.3077	0.0018535
75.3427	0.00870906
75.3777	0.0168384
75.4127	0.0126155
75.4477	0.0205373
75.4827	0.0115242
75.5178	0.023138
75.5528	0.0121418
75.5878	0.0118447
75.6228	0.00597179
75.6578	0.0187596
75.6928	0.0117875
75.7279	0.0124683
75.7629	0.0238991
75.7979	0.025537
75.8329	0.0282102
75.8679	0.0241887
75.903	0.0299397
75.938	0.0349363
75.973	0.0451333
76.008	0.0560084
76.043	0.0582131
76.078	0.0755478
76.1131	0.08066
76.1481	0.0866979
76.1831	0.104869
76.2181	0.123176
76.2531	0.139494
76.2881	0.151042
76.3232	0.161358
76.3582	0.176506
76.3932	0.19675
76.4282	0.218091
76.4632	0.226948
76.4982	0.240944
76.5333	0.251294
76.5683	0.259902
76.6033	0.269079
76.6383	0.276517
76.6733	0.287808
76.7084	0.278725
76.7434	0.278198
76.7784	0.268985
76.8134	0.269775
76.8484	0.263615
76.8834	0.253472
76.9185	0.233228
76.9535	0.220588
76.9885	0.201466
77.0235	0.188773
77.0585	0.171343
77.0935	0.153781
77.1286	0.138271
77.1636	0.124568
77.1986	0.106407
77.2336	0.0932401
77.2686	0.0906795
77.3037	0.0845661
77.3387	0.0550652
77.3737	0.0460522
77.4087	0.039971
77.4437	0.0377247
77.4787	0.0371973
77.5138	0.03105
77.5488	0.025127
77.5838	0.0237821
77.6188	0.0151473
77.6538	0.0153658
77.6888	0.0148891
77.7239	0.00582112
77.7589	0.00697217
77.7939	0.00643492
77.8289	0.0153073
77.8639	0.0122981
77.8989	0.0138196
77.934	0.00134151
77.969	0.00295962
78.004	0.0135774
78.039	-0.00371425
78.074	0.0162447
78.1091	0.000965058
78.1441	0.014271
78.1791	0.00559283
78.2141	0.0152678
78.2491	0.0260559
78.2841	-0.00135627
78.3192	0.013483
78.3542	0.000962996
78.3892	0.0121362
78.4242	0.00896759
78.4592	0.0106498
78.4942	0.0054421
78.5293	0.013903
78.5643	0.0027584
78.5993	0.0162083
78.6343	0.00795381
78.6693	0.00298658
78.7044	0.0179747
78.7394	0.0096633
78.7744	0.0195382
78.8094	0.0161068
78.8444	0.00600927
78.8794	0.00957505
78.9145	0.0106052
78.9495	0.0176315
78.9845	0.0121876
79.0195	0.0108815
79.0545	0.0090006
79.0895	0.00974721
79.1246	0.016523
79.1596	0.0100185
79.1946	0.00802501
79.2296	0.00717746
79.2646	0.00723117
79.2996	0.00298952
79.3347	0.00624812
79.3697	0.0174921
79.4047	0.008967
79.4397	0.0135221
79.4747	-0.00239378
79.5098	0.0128416
79.5448	0.00919324
79.5798	0.0075928
79.6148	0.0109048
79.6498	0.00752087
79.6848	-0.000619375
79.7199	0.0146112
79.7549	0.0112151
79.7899	0.00843029
79.8249	0.00516907
79.8599	0.00265071
79.8949	0.0111195
79.93	0.0180672
79.965	0.0110158
80	0.00308619
