10	0.00774025
10.035	0.00667061
10.07	0.01217
10.1051	0.0112593
10.1401	0.00297604
10.1751	0.0156134
10.2101	0.00952903
10.2451	0.00444534
10.2801	0.0159439
10.3152	0.0131284
10.3502	0.00367729
10.3852	0.0188859
10.4202	0.013294
10.4552	0.00994902
10.4902	0.0179511
10.5253	0.0107965
10.5603	0.00985958
10.5953	0.0066985
10.6303	0.0129093
10.6653	0.012383
10.7004	0.0100734
10.7354	0.00605007
10.7704	0.0106496
10.8054	0.00965101
10.8404	0.00333263
10.8754	0.00264094
10.9105	0.0128258
10.9455	-0.00300944
10.9805	0.0110271
11.0155	0.00760958
11.0505	0.0165412
11.0855	0.00753266
11.1206	0.0132974
11.1556	0.00801543
11.1906	0.0105687
11.2256	0.0136842
11.2606	0.00768722
11.2956	0.0149828
11.3307	0.00503151
11.3657	0.011473
11.4007	0.0146132
11.4357	0.0133002
11.4707	0.0195822
11.5058	0.0061828
11.5408	0.00310425
11.5758	0.00502832
11.6108	0.0133022
11.6458	0.0124896
11.6808	0.0105113
11.7159	0.00438521
11.7509	0.0138343
11.7859	0.00387648
11.8209	0.0157947
11.8559	0.0242872
11.8909	0.0118323
11.926	0.0129155
11.961	0.0075357
11.996	0.000948933
12.031	0.0069864
12.066	0.00453552
12.1011	0.00276498
12.1361	0.0186118
12.1711	0.0113643
12.2061	0.0118984
12.2411	0.00845489
12.2761	0.00913564
12.3112	0.0148228
12.3462	0.00983831
12.3812	0.0126535
12.4162	0.00901998
12.4512	0.00828924
12.4862	0.00296543
12.5213	0.000111255
12.5563	0.00869219
12.5913	0.0102825
12.6263	0.00356935
12.6613	0.00982763
12.6963	0.0102688
12.7314	-0.00078004
12.7664	0.00542438
12.8014	0.0120363
12.8364	0.0119353
12.8714	0.00423163
12.9065	0.0107922
12.9415	0.015112
12.9765	0.0138854
13.0115	0.00952357
13.0465	0.00766012
13.0815	0.00685328
13.1166	0.0123391
13.1516	0.0109755
13.1866	0.013147
13.2216	0.0106594
13.2566	0.0140938
13.2916	0.010473
13.3267	0.0139234
13.3617	0.0143541
13.3967	0.00597737
13.4317	0.00095928
13.4667	0.0177175
13.5018	0.0112833
13.5368	0.00142757
13.5718	0.0064309
13.6068	0.0138594
13.6418	0.00860162
13.6768	0.00743969
13.7119	0.0170044
13.7469	0.00476356
13.7819	0.00600923
13.8169	0.0110569
13.8519	0.0119523
13.8869	0.0124817
13.922	0.0145562
13.957	0.0109929
13.992	0.0124469
14.027	0.00870395
14.062	0.0103135
14.097	0.0105377
14.1321	0.0110755
14.1671	0.0138627
14.2021	0.0127757
14.2371	0.0102211
14.2721	0.00595437
14.3072	0.0103384
14.3422	0.00985991
14.3772	0.0109659
14.4122	0.0210326
14.4472	0.00738114
14.4822	0.0121114
14.5173	0.0153423
14.5523	0.01049
14.5873	0.0216892
14.6223	0.0081098
14.6573	0.0116204
14.6923	0.00600597
14.7274	0.00824238
14.7624	0.0112447
14.7974	0.0142315
14.8324	0.0115955
14.8674	0.0162956
14.9025	0.00952517
14.9375	0.00833916
14.9725	0.0235199
15.0075	0.0119712
15.0425	0.00640259
15.0775	0.00652868
15.1126	0.0052866
15.1476	0.0146828
15.1826	0.00817811
15.2176	0.0106368
15.2526	0.00968246
15.2876	0.0136575
15.3227	0.00576628
15.3577	0.00462214
15.3927	0.0111215
15.4277	0.0130048
15.4627	0.0116627
15.4977	0.00595273
15.5328	0.0133874
15.5678	0.0062807
15.6028	0.00739231
15.6378	0.00528023
15.6728	0.0165058
15.7079	0.0131671
15.7429	0.013025
15.7779	0.0162361
15.8129	0.0240632
15.8479	0.00145387
15.8829	0.00630812
15.918	0.00691912
15.953	0.0057459
15.988	0.00461208
16.023	0.00850173
16.058	0.00391698
16.093	0.0116752
16.1281	0.0102585
16.1631	0.0124051
16.1981	0.0125386
16.2331	0.013015
16.2681	0.00813296
16.3032	0.0206057
16.3382	0.0111722
16.3732	0.000687576
16.4082	0.00498812
16.4432	0.00129749
16.4782	0.0100867
16.5133	0.00939097
16.5483	0.00765787
16.5833	0.0200546
16.6183	0.0127449
16.6533	0.0136305
16.6883	0.00534463
16.7234	0.00500428
16.7584	0.010184
16.7934	0.010865
16.8284	0.000718442
16.8634	0.00909846
16.8984	0.0100704
16.9335	0.00892425
16.9685	0.00593305
17.0035	0.00730232
17.0385	0.0091157
17.0735	0.010454
17.1086	0.013024
17.1436	0.0154043
17.1786	0.00852826
17.2136	0.00771922
17.2486	0.0121883
17.2836	0.0130542
17.3187	0.007829
17.3537	0.013952
17.3887	0.0148979
17.4237	0.0164584
17.4587	0.0188916
17.4937	0.00566792
17.5288	0.0100695
17.5638	0.0100564
17.5988	0.00950963
17.6338	0.00675369
17.6688	0.00257219
17.7039	0.0104634
17.7389	0.00615822
17.7739	0.01043
17.8089	0.00602978
17.8439	0.00450171
17.8789	0.0111715
17.914	0.0107546
17.949	0.0128964
17.984	0.0209293
18.019	0.0113864
18.054	0.0124254
18.089	0.00461219
18.1241	0.00356546
18.1591	0.0179141
18.1941	0.0053826
18.2291	0.00478028
18.2641	0.00980451
18.2991	0.00954904
18.3342	0.00548747
18.3692	0.00847513
18.4042	0.0161469
18.4392	0.00597003
18.4742	0.00303164
18.5093	0.014713
18.5443	0.0124615
18.5793	0.00689741
18.6143	0.00208916
18.6493	0.00627688
18.6843	0.00972648
18.7194	0.0158284
18.7544	0.00481709
18.7894	0.0095774
18.8244	0.0133757
18.8594	-0.00190634
18.8944	0.0151689
18.9295	0.00408775
18.9645	0.01166
18.9995	0.0112334
19.0345	0.0154229
19.0695	0.0127546
19.1046	-0.00188645
19.1396	0.0060761
19.1746	0.010691
19.2096	0.0090251
19.2446	0.0123881
19.2796	0.0139468
19.3147	0.0130423
19.3497	0.00892863
19.3847	0.000768315
19.4197	0.00772259
19.4547	0.0120818
19.4897	0.00454776
19.5248	0.0131564
19.5598	0.014542
19.5948	0.0106343
19.6298	-0.0053189
19.6648	0.00360956
19.6998	0.0194309
19.7349	0.00726731
19.7699	7.92839e-05
19.8049	0.0161762
19.8399	0.0100668
19.8749	0.0155247
19.91	0.0113848
19.945	0.0122928
19.98	0.011815
20.015	0.0134874
20.05	0.0213872
20.085	0.014855
20.1201	0.0020983
20.1551	0.0122333
20.1901	0.0157074
20.2251	0.0160135
20.2601	0.00786698
20.2951	0.0158247
20.3302	0.0146387
20.3652	0.0228626
20.4002	0.00624999
20.4352	0.007463
20.4702	0.0084694
20.5053	0.00754889
20.5403	0.0055499
20.5753	-0.00381338
20.6103	0.0078265
20.6453	0.0118468
20.6803	0.00753389
20.7154	0.0196769
20.7504	0.0100669
20.7854	0.0164551
20.8204	0.0113071
20.8554	0.014132
20.8904	0.0113962
20.9255	0.0168439
20.9605	0.0102797
20.9955	0.0124806
21.0305	0.0118317
21.0655	0.00855857
21.1006	0.0120249
21.1356	0.0211719
21.1706	0.00864802
21.2056	0.0120973
21.2406	0.0162889
21.2756	0.0157013
21.3107	0.0100586
21.3457	-0.00191694
21.3807	0.0125835
21.4157	-0.00109737
21.4507	0.0173497
21.4857	0.0108474
21.5208	0.0149984
21.5558	0.00548944
21.5908	0.00223746
21.6258	0.0113038
21.6608	0.00983198
21.6958	0.0075423
21.7309	0.0104233
21.7659	0.0238372
21.8009	0.0141726
21.8359	0.0152475
21.8709	0.0142197
21.906	0.0173973
21.941	0.00904964
21.976	-0.000273807
22.011	0.00905707
22.046	0.0140587
22.081	0.005151
22.1161	0.00911817
22.1511	0.00654115
22.1861	0.0175101
22.2211	0.0137473
22.2561	0.0132577
22.2911	0.013108
22.3262	0.00981375
22.3612	0.0109878
22.3962	0.00407408
22.4312	-0.00093221
22.4662	0.0107504
22.5013	0.01162
22.5363	0.0160463
22.5713	0.0178567
22.6063	0.01785
22.6413	0.00500988
22.6763	0.00823867
22.7114	0.0124017
22.7464	0.0226595
22.7814	0.0174005
22.8164	0.015597
22.8514	0.00806106
22.8864	0.005584
22.9215	0.0139445
22.9565	0.00449669
22.9915	0.00880782
23.0265	0.00942611
23.0615	0.0179646
23.0965	0.00822651
23.1316	-0.00219625
23.1666	0.0125222
23.2016	0.00650489
23.2366	0.0102132
23.2716	0.00956648
23.3067	0.00863148
23.3417	0.0139517
23.3767	0.00233568
23.4117	0.00741493
23.4467	0.0134202
23.4817	0.00692958
23.5168	0.00195597
23.5518	0.0133428
23.5868	0.0156155
23.6218	0.00977502
23.6568	0.000195772
23.6918	0.0135298
23.7269	0.00170056
23.7619	0.011544
23.7969	0.00556268
23.8319	0.0042008
23.8669	0.00779045
23.902	0.00908351
23.937	0.00677896
23.972	0.0129435
24.007	0.00776965
24.042	0.014901
24.077	0.0114059
24.1121	0.00651221
24.1471	0.0056703
24.1821	0.00176252
24.2171	0.0114537
24.2521	0.00822706
24.2871	-0.00186098
24.3222	0.00732143
24.3572	0.00549483
24.3922	0.0178784
24.4272	0.00148611
24.4622	0.00279325
24.4972	0.0155498
24.5323	0.0167838
24.5673	0.00627509
24.6023	0.00683957
24.6373	0.0130812
24.6723	-0.0016355
24.7074	0.000694032
24.7424	0.00859633
24.7774	0.0177495
24.8124	0.00782135
24.8474	0.0105047
24.8824	0.0156689
24.9175	0.0205344
24.9525	0.00711576
24.9875	0.00991582
25.0225	0.0191103
25.0575	0.002389
25.0925	0.0151379
25.1276	0.00490842
25.1626	0.0105124
25.1976	0.0087869
25.2326	0.00520994
25.2676	0.00508449
25.3027	0.0113821
25.3377	0.0149777
25.3727	0.00935132
25.4077	0.0103506
25.4427	0.0128559
25.4777	0.00514191
25.5128	0.0136985
25.5478	0.0140967
25.5828	0.0230181
25.6178	0.00811948
25.6528	0.00770959
25.6878	0.0138448
25.7229	0.0140955
25.7579	0.00732456
25.7929	0.00798419
25.8279	0.0127057
25.8629	0.00586208
25.8979	0.00794733
25.933	0.010448
25.968	0.0149797
26.003	0.00697701
26.038	0.000788078
26.073	0.000417013
26.1081	0.00370293
26.1431	0.00343416
26.1781	0.00922695
26.2131	0.0040556
26.2481	0.00648623
26.2831	0.00612957
26.3182	0.00779746
26.3532	0.0166125
26.3882	0.0133097
26.4232	0.0100806
26.4582	0.00769487
26.4932	0.00783384
26.5283	0.0116387
26.5633	0.0129208
26.5983	0.00546191
26.6333	0.0101824
26.6683	-0.000158098
26.7034	0.0110586
26.7384	0.0138107
26.7734	0.00859966
26.8084	0.0190826
26.8434	0.00559381
26.8784	0.0110872
26.9135	0.0098209
26.9485	0.00949856
26.9835	0.0094285
27.0185	0.0105358
27.0535	0.0142403
27.0885	0.0168897
27.1236	0.00999093
27.1586	0.014081
27.1936	0.00649994
27.2286	0.0138469
27.2636	0.00622266
27.2986	0.0155144
27.3337	0.0211653
27.3687	0.00959125
27.4037	-0.000606824
27.4387	0.0078755
27.4737	0.0172044
27.5088	0.0145042
27.5438	0.0140816
27.5788	0.0195821
27.6138	0.0195426
27.6488	0.0270419
27.6838	0.0311192
27.7189	0.0420464
27.7539	0.047238
27.7889	0.0649346
27.8239	0.0787618
27.8589	0.103122
27.8939	0.147434
27.929	0.180565
27.964	0.232541
27.999	0.286879
28.034	0.349545
28.069	0.426373
28.1041	0.513427
28.1391	0.592805
28.1741	0.666226
28.2091	0.756044
28.2441	0.842254
28.2791	0.898643
28.3142	0.94375
28.3492	0.999012
28.3842	1.01141
28.4192	1.0067
28.4542	0.984893
28.4892	0.953682
28.5243	0.891086
28.5593	0.832052
28.5943	0.752041
28.6293	0.667822
28.6643	0.582524
28.6993	0.497398
28.7344	0.424076
28.7694	0.341366
28.8044	0.272162
28.8394	0.226444
28.8744	0.178335
28.9095	0.137788
28.9445	0.10537
28.9795	0.0765185
29.0145	0.0626921
29.0495	0.0439883
29.0845	0.0311108
29.1196	0.0243295
29.1546	0.0306167
29.1896	0.00814659
29.2246	0.0168389
29.2596	0.00431201
29.2946	0.0111152
29.3297	0.00882543
29.3647	0.000159275
29.3997	0.0122823
29.4347	0.00829045
29.4697	-0.000390306
29.5048	0.0142553
29.5398	0.0172057
29.5748	0.0174667
29.6098	0.011803
29.6448	0.0102344
29.6798	0.0166428
29.7149	0.0184129
29.7499	0.0156683
29.7849	0.00529253
29.8199	0.0110068
29.8549	0.0121976
29.8899	0.000951935
29.925	0.0123468
29.96	0.021365
29.995	0.0131997
30.03	0.0173671
30.065	0.0109146
30.1001	0.00963391
30.1351	0.0119064
30.1701	0.00592087
30.2051	0.00518112
30.2401	0.0163315
30.2751	0.0168617
30.3102	0.00504447
30.3452	0.01484
30.3802	0.0095652
30.4152	0.011699
30.4502	0.0123011
30.4852	0.0149718
30.5203	0.0104136
30.5553	0.0170508
30.5903	0.0115471
30.6253	0.0131209
30.6603	0.00583369
30.6953	0.0207933
30.7304	0.0123491
30.7654	0.013565
30.8004	0.00195907
30.8354	0.00588649
30.8704	0.0161894
30.9055	0.0114345
30.9405	0.000431101
30.9755	0.0151914
31.0105	0.00728109
31.0455	0.0170566
31.0805	0.00956082
31.1156	0.0110235
31.1506	0.0158948
31.1856	0.00551254
31.2206	0.00503577
31.2556	0.00901751
31.2906	0.0141359
31.3257	0.00334561
31.3607	0.00165983
31.3957	0.0141186
31.4307	0.00698511
31.4657	0.00803887
31.5008	0.000715949
31.5358	0.00660511
31.5708	0.00996217
31.6058	0.0146519
31.6408	0.0061439
31.6758	0.018287
31.7109	0.00657749
31.7459	0.00658517
31.7809	0.0176882
31.8159	0.0110605
31.8509	0.0072468
31.8859	0.00923894
31.921	0.0167954
31.956	0.0173913
31.991	0.00603379
32.026	0.0100123
32.061	0.0108679
32.096	0.00582449
32.1311	0.0110565
32.1661	0.0123257
32.2011	0.0195618
32.2361	0.0223579
32.2711	0.0184434
32.3062	0.0246325
32.3412	0.0371478
32.3762	0.042323
32.4112	0.0637865
32.4462	0.0810624
32.4812	0.103192
32.5163	0.136278
32.5513	0.188061
32.5863	0.2263
32.6213	0.287166
32.6563	0.33234
32.6913	0.394125
32.7264	0.461388
32.7614	0.496686
32.7964	0.537538
32.8314	0.587974
32.8664	0.598923
32.9015	0.609883
32.9365	0.598883
32.9715	0.580488
33.0065	0.538903
33.0415	0.49696
33.0765	0.447085
33.1116	0.382838
33.1466	0.326668
33.1816	0.272748
33.2166	0.215875
33.2516	0.175164
33.2866	0.138664
33.3217	0.103602
33.3567	0.0782202
33.3917	0.0592713
33.4267	0.0408776
33.4617	0.0364946
33.4967	0.0323317
33.5318	0.0173934
33.5668	0.0184996
33.6018	0.0125039
33.6368	0.0140274
33.6718	0.0191036
33.7069	0.0132634
33.7419	0.00152952
33.7769	0.0124829
33.8119	0.0162758
33.8469	0.00894894
33.8819	0.0150065
33.917	0.00656317
33.952	0.00257881
33.987	0.0107088
34.022	0.00121897
34.057	0.00880174
34.092	0.0164345
34.1271	0.000451291
34.1621	0.00360256
34.1971	0.00483986
34.2321	0.00968341
34.2671	0.00817142
34.3022	0.0169957
34.3372	0.0147717
34.3722	0.0124764
34.4072	0.0107282
34.4422	0.0119661
34.4772	0.00569009
34.5123	0.0142861
34.5473	0.00443978
34.5823	0.0141769
34.6173	0.0159307
34.6523	0.0110543
34.6873	0.00911893
34.7224	0.0120015
34.7574	-0.00430759
34.7924	0.0115113
34.8274	0.00943323
34.8624	0.00974686
34.8974	0.0135327
34.9325	0.00962616
34.9675	0.00429897
35.0025	0.00929299
35.0375	0.0103378
35.0725	0.0105747
35.1076	0.0108096
35.1426	0.0151968
35.1776	0.00456983
35.2126	0.0108785
35.2476	0.0164496
35.2826	0.00132694
35.3177	0.0108982
35.3527	0.00707311
35.3877	0.00814645
35.4227	0.00547596
35.4577	0.00915225
35.4927	0.0192063
35.5278	0.00367785
35.5628	0.00415195
35.5978	0.00349033
35.6328	0.0186371
35.6678	0.0076883
35.7029	0.0098718
35.7379	0.00798609
35.7729	0.00527789
35.8079	0.00882425
35.8429	0.0222912
35.8779	0.0169604
35.913	0.00573531
35.948	0.0132379
35.983	0.00584239
36.018	0.00111816
36.053	0.0150976
36.088	0.0158005
36.1231	0.0152303
36.1581	0.00765067
36.1931	0.00916612
36.2281	0.0137488
36.2631	0.0119575
36.2981	0.00803181
36.3332	0.00190464
36.3682	0.0105694
36.4032	0.015395
36.4382	0.00401206
36.4732	0.0131938
36.5083	0.0116577
36.5433	0.0137507
36.5783	0.0143599
36.6133	0.00652767
36.6483	0.0019152
36.6833	0.0073324
36.7184	0.0144456
36.7534	0.00728998
36.7884	0.00652978
36.8234	0.000893248
36.8584	0.0187632
36.8934	0.0141286
36.9285	0.0138495
36.9635	0.0148386
36.9985	0.0128835
37.0335	0.00877836
37.0685	0.00918118
37.1036	0.00786218
37.1386	0.0231737
37.1736	0.0127796
37.2086	0.007681
37.2436	0.0123275
37.2786	0.00494566
37.3137	0.0175225
37.3487	0.00669465
37.3837	0.0125054
37.4187	0.0153299
37.4537	0.0119238
37.4887	0.0104723
37.5238	0.010054
37.5588	0.00971779
37.5938	0.00711651
37.6288	0.00775258
37.6638	0.017398
37.6988	0.00945732
37.7339	0.00607102
37.7689	0.00741851
37.8039	0.0155019
37.8389	0.013378
37.8739	0.0128016
37.909	0.00871239
37.944	0.0128668
37.979	0.00678219
38.014	0.00870193
38.049	0.014849
38.084	0.0143714
38.1191	0.00509045
38.1541	0.00572237
38.1891	0.0105435
38.2241	0.0186307
38.2591	0.000422174
38.2941	0.0113917
38.3292	0.00311978
38.3642	0.00682835
38.3992	0.00817786
38.4342	0.00789746
38.4692	0.00733102
38.5043	0.010036
38.5393	0.00732372
38.5743	0.00268771
38.6093	0.0138993
38.6443	0.0137644
38.6793	0.0142159
38.7144	0.00229633
38.7494	0.0114946
38.7844	0.0133799
38.8194	0.00484399
38.8544	0.0100459
38.8894	0.00941867
38.9245	0.0192108
38.9595	0.0196225
38.9945	0.00167822
39.0295	0.0224696
39.0645	0.00542387
39.0995	0.0149034
39.1346	0.0148525
39.1696	0.00502155
39.2046	0.0124663
39.2396	0.00946233
39.2746	0.0127717
39.3097	0.0111534
39.3447	0.0159817
39.3797	0.010377
39.4147	0.00916063
39.4497	0.0154803
39.4847	0.012902
39.5198	0.0136591
39.5548	0.00667707
39.5898	0.00477369
39.6248	0.00716139
39.6598	0.00689589
39.6948	0.013931
39.7299	0.0148799
39.7649	0.00922435
39.7999	0.0171546
39.8349	0.0168423
39.8699	0.011217
39.905	0.00589054
39.94	0.0178769
39.975	0.00969491
40.01	0.0106308
40.045	0.00830197
40.08	0.00555105
40.1151	0.0026568
40.1501	0.0131643
40.1851	0.00608299
40.2201	0.0252977
40.2551	0.00456963
40.2901	0.00371309
40.3252	0.0125507
40.3602	0.0176466
40.3952	0.0103229
40.4302	0.0128612
40.4652	0.000782263
40.5003	0.00661244
40.5353	0.00463192
40.5703	0.000524771
40.6053	0.0105849
40.6403	-0.00121414
40.6753	0.00338902
40.7104	0.00731403
40.7454	0.00584357
40.7804	0.011982
40.8154	0.0115279
40.8504	0.014469
40.8854	0.0137619
40.9205	0.0157041
40.9555	0.00999041
40.9905	0.0115173
41.0255	0.0125576
41.0605	0.0107083
41.0955	0.00801403
41.1306	0.00833779
41.1656	0.00591221
41.2006	0.0121081
41.2356	0.00952992
41.2706	0.00668413
41.3057	0.00668878
41.3407	0.00394801
41.3757	0.0148942
41.4107	0.0103931
41.4457	0.005686
41.4807	0.0140427
41.5158	0.00719776
41.5508	0.0029675
41.5858	0.0151061
41.6208	0.00731452
41.6558	0.0079555
41.6908	0.0102059
41.7259	0.0157129
41.7609	0.0101002
41.7959	0.00400441
41.8309	0.0127194
41.8659	0.00757505
41.901	0.0194396
41.936	0.0099944
41.971	-0.00117518
42.006	0.0117868
42.041	0.019723
42.076	0.0178796
42.1111	0.0191548
42.1461	0.0049012
42.1811	0.0145608
42.2161	0.00639003
42.2511	0.0111214
42.2861	0.00363524
42.3212	0.00677772
42.3562	0.00661877
42.3912	0.0144928
42.4262	0.0140036
42.4612	0.0113841
42.4962	0.00324789
42.5313	0.0084418
42.5663	0.00626942
42.6013	0.0143484
42.6363	0.0158909
42.6713	0.0152819
42.7064	0.0062239
42.7414	-0.00369767
42.7764	0.00116519
42.8114	0.0171081
42.8464	0.00799373
42.8814	0.00624638
42.9165	0.0182133
42.9515	0.0163258
42.9865	0.0101222
43.0215	0.00853298
43.0565	0.00933949
43.0915	0.0111358
43.1266	0.0180002
43.1616	0.0121123
43.1966	0.0136301
43.2316	0.0158464
43.2666	0.00415162
43.3017	0.0137743
43.3367	0.00852716
43.3717	-0.00258048
43.4067	-0.000640848
43.4417	0.00490941
43.4767	0.0126561
43.5118	0.010569
43.5468	0.0109218
43.5818	0.0197547
43.6168	0.00365455
43.6518	0.00986283
43.6868	0.0115222
43.7219	0.00631863
43.7569	0.0101416
43.7919	0.00200025
43.8269	0.0170495
43.8619	0.00659193
43.8969	0.020157
43.932	0.00983763
43.967	0.0151403
44.002	0.00973349
44.037	0.00984628
44.072	0.00707985
44.1071	0.0105956
44.1421	0.01159
44.1771	0.00607871
44.2121	0.00937478
44.2471	0.00694951
44.2821	0.0214983
44.3172	0.00955135
44.3522	0.0177262
44.3872	0.00902189
44.4222	0.0112964
44.4572	0.00339318
44.4922	0.00776464
44.5273	0.0110527
44.5623	0.01793
44.5973	0.0111099
44.6323	0.0169186
44.6673	0.0132036
44.7024	0.018137
44.7374	0.00970479
44.7724	0.0219511
44.8074	0.00757302
44.8424	0.00616769
44.8774	0.00394974
44.9125	0.0216551
44.9475	0.0140972
44.9825	0.0083294
45.0175	0.0162451
45.0525	0.0134385
45.0875	0.0198306
45.1226	0.00226084
45.1576	0.0086732
45.1926	0.00768739
45.2276	0.000131587
45.2626	0.0153016
45.2976	0.00864802
45.3327	0.0136982
45.3677	0.0217989
45.4027	0.00823378
45.4377	0.00789424
45.4727	0.0105933
45.5078	0.0149362
45.5428	0.00716645
45.5778	0.00684523
45.6128	0.015286
45.6478	0.0118933
45.6828	-0.000223372
45.7179	0.00387354
45.7529	0.0175071
45.7879	0.0120113
45.8229	0.00619201
45.8579	0.00915323
45.8929	0.0100754
45.928	0.0136945
45.963	0.00323543
45.998	0.00583995
46.033	0.0114385
46.068	0.00962062
46.1031	0.0130515
46.1381	0.00415652
46.1731	0.0122602
46.2081	0.0161887
46.2431	0.0135441
46.2781	0.0123589
46.3132	0.0119792
46.3482	0.00941067
46.3832	0.0147965
46.4182	0.0236153
46.4532	0.0196463
46.4882	0.0196923
46.5233	0.0268006
46.5583	0.0368858
46.5933	0.0424381
46.6283	0.0572828
46.6633	0.0704723
46.6983	0.0880635
46.7334	0.109522
46.7684	0.129394
46.8034	0.14508
46.8384	0.17387
46.8734	0.209768
46.9085	0.24242
46.9435	0.275748
46.9785	0.317504
47.0135	0.356228
47.0485	0.393703
47.0835	0.432372
47.1186	0.473964
47.1536	0.499237
47.1886	0.535714
47.2236	0.543309
47.2586	0.553345
47.2936	0.559897
47.3287	0.558778
47.3637	0.549923
47.3987	0.541409
47.4337	0.503765
47.4687	0.483831
47.5038	0.447754
47.5388	0.402836
47.5738	0.376518
47.6088	0.340143
47.6438	0.29091
47.6788	0.257747
47.7139	0.213753
47.7489	0.183271
47.7839	0.165007
47.8189	0.13089
47.8539	0.104467
47.8889	0.0912206
47.924	0.0706308
47.959	0.0569199
47.994	0.0515676
48.029	0.0329044
48.064	0.0269482
48.099	0.0266146
48.1341	0.0263787
48.1691	0.0244701
48.2041	0.0125385
48.2391	0.0187837
48.2741	0.00890289
48.3092	0.0210508
48.3442	0.00561867
48.3792	0.0174942
48.4142	0.00727352
48.4492	0.0204242
48.4842	0.0131839
48.5193	0.00506234
48.5543	0.00747683
48.5893	0.0139596
48.6243	0.0152955
48.6593	0.00966557
48.6943	0.0102345
48.7294	0.0137982
48.7644	0.0106627
48.7994	0.00353455
48.8344	0.00593628
48.8694	0.0111762
48.9045	0.0160778
48.9395	0.0180801
48.9745	0.0138977
49.0095	0.0114365
49.0445	0.0137441
49.0795	0.00666626
49.1146	0.00923385
49.1496	0.00587935
49.1846	0.00375629
49.2196	0.0116677
49.2546	0.0109276
49.2896	0.0134383
49.3247	0.0127306
49.3597	0.0112132
49.3947	0.0127831
49.4297	0.00978658
49.4647	0.0120645
49.4997	0.00636928
49.5348	0.0118485
49.5698	0.0133421
49.6048	0.00665159
49.6398	0.0102592
49.6748	0.00688199
49.7099	0.00736747
49.7449	0.00437535
49.7799	0.0163289
49.8149	0.0153284
49.8499	0.0126872
49.8849	0.019861
49.92	0.00905377
49.955	0.0251588
49.99	0.00886235
50.025	0.011276
50.06	0.00801111
50.095	0.0118616
50.1301	0.0141781
50.1651	0.00943042
50.2001	0.0188836
50.2351	0.0111957
50.2701	0.0113524
50.3052	0.00545501
50.3402	0.0120925
50.3752	0.00932986
50.4102	0.0069588
50.4452	0.00611763
50.4802	0.0233588
50.5153	0.00868261
50.5503	0.00271507
50.5853	0.00650889
50.6203	0.00974216
50.6553	0.0127333
50.6903	0.012774
50.7254	0.0133831
50.7604	0.0067757
50.7954	0.0117022
50.8304	0.0056197
50.8654	0.00690179
50.9005	0.00541146
50.9355	0.00405806
50.9705	0.015321
51.0055	0.0134431
51.0405	0.0148833
51.0755	0.0101966
51.1106	0.013884
51.1456	0.00119355
51.1806	0.0143154
51.2156	0.0108856
51.2506	0.0131355
51.2856	0.0119001
51.3207	0.00506472
51.3557	0.0025098
51.3907	0.00643973
51.4257	0.0128246
51.4607	0.0134505
51.4957	0.00316029
51.5308	0.0050945
51.5658	0.00638382
51.6008	0.00821347
51.6358	0.00318975
51.6708	0.00288974
51.7059	0.00589082
51.7409	0.0104313
51.7759	0.00409703
51.8109	0.00942098
51.8459	0.0152928
51.8809	0.0034911
51.916	0.00896777
51.951	0.0151238
51.986	0.00790866
52.021	0.00713165
52.056	0.0158175
52.091	0.00846899
52.1261	0.0155225
52.1611	0.0121448
52.1961	0.00828578
52.2311	0.0123985
52.2661	0.0116022
52.3012	0.0151044
52.3362	0.00725827
52.3712	0.010206
52.4062	0.00969242
52.4412	0.0135207
52.4762	0.0048741
52.5113	0.0150849
52.5463	0.0123316
52.5813	0.00341537
52.6163	0.0160413
52.6513	0.0211705
52.6863	0.0150092
52.7214	0.0171349
52.7564	0.0104269
52.7914	0.00169248
52.8264	0.000779398
52.8614	0.0112754
52.8964	0.00704011
52.9315	0.00542712
52.9665	0.00968627
53.0015	0.0130779
53.0365	0.00273621
53.0715	0.00775561
53.1066	0.0175494
53.1416	0.00462356
53.1766	0.0143488
53.2116	0.00757635
53.2466	0.012729
53.2816	0.0154866
53.3167	0.0137064
53.3517	0.0145458
53.3867	0.00424203
53.4217	0.0155683
53.4567	0.00573653
53.4917	0.0112977
53.5268	0.0112912
53.5618	0.0124256
53.5968	0.0116848
53.6318	0.00578095
53.6668	0.00325066
53.7019	0.0143617
53.7369	0.0109292
53.7719	0.0157469
53.8069	0.00977634
53.8419	0.00297418
53.8769	0.0148306
53.912	0.00814815
53.947	0.01171
53.982	0.0067627
54.017	0.0182215
54.052	0.00561718
54.087	0.00831285
54.1221	0.0105372
54.1571	0.00453909
54.1921	0.0116526
54.2271	0.0180596
54.2621	0.00754769
54.2971	0.0119757
54.3322	-0.00374718
54.3672	0.00980535
54.4022	0.00843479
54.4372	0.00590751
54.4722	0.0154073
54.5073	0.00836878
54.5423	0.00911261
54.5773	0.00811404
54.6123	0.000415921
54.6473	0.00434007
54.6823	0.0148055
54.7174	-0.000549753
54.7524	0.00616842
54.7874	0.0080014
54.8224	0.0187181
54.8574	0.013843
54.8924	0.00721418
54.9275	0.0165226
54.9625	0.00629753
54.9975	0.0150457
55.0325	0.00320605
55.0675	0.0153671
55.1026	0.00797089
55.1376	0.00486037
55.1726	0.00891955
55.2076	0.0113962
55.2426	0.00754297
55.2776	0.0127988
55.3127	0.00713484
55.3477	0.0131859
55.3827	0.0123505
55.4177	0.00992327
55.4527	0.00815975
55.4877	0.0113385
55.5228	0.013657
55.5578	0.0216994
55.5928	0.0167985
55.6278	0.0180067
55.6628	0.0300228
55.6978	0.019185
55.7329	0.0218007
55.7679	0.0266269
55.8029	0.0229902
55.8379	0.0322116
55.8729	0.040051
55.908	0.0560157
55.943	0.0644214
55.978	0.0810501
56.013	0.103579
56.048	0.123021
56.083	0.141178
56.1181	0.164416
56.1531	0.201331
56.1881	0.228952
56.2231	0.247277
56.2581	0.283874
56.2931	0.3153
56.3282	0.345236
56.3632	0.369538
56.3982	0.385837
56.4332	0.401709
56.4682	0.407755
56.5033	0.406604
56.5383	0.404975
56.5733	0.396626
56.6083	0.380996
56.6433	0.351459
56.6783	0.334577
56.7134	0.309493
56.7484	0.278489
56.7834	0.248439
56.8184	0.221973
56.8534	0.184945
56.8884	0.154665
56.9235	0.135724
56.9585	0.118498
56.9935	0.103067
57.0285	0.0812699
57.0635	0.05544
57.0985	0.0495547
57.1336	0.0422053
57.1686	0.0340073
57.2036	0.0297137
57.2386	0.017746
57.2736	0.0191217
57.3087	0.0182799
57.3437	0.0184002
57.3787	0.00887919
57.4137	0.0102228
57.4487	-0.00223356
57.4837	0.00772763
57.5188	0.00791179
57.5538	0.00523814
57.5888	0.0110363
57.6238	0.00984733
57.6588	-0.00121975
57.6938	0.0111227
57.7289	0.00538465
57.7639	0.0124435
57.7989	0.00359924
57.8339	0.0101548
57.8689	0.00858676
57.904	0.0115169
57.939	0.0106242
57.974	0.00872456
58.009	0.00231884
58.044	0.00261406
58.079	0.00708061
58.1141	0.00995862
58.1491	0.00695877
58.1841	0.0131261
58.2191	0.0086039
58.2541	0.00517494
58.2891	0.00860952
58.3242	0.0111293
58.3592	0.0116244
58.3942	0.0193919
58.4292	0.00665545
58.4642	0.00963261
58.4992	0.0121306
58.5343	0.00988289
58.5693	0.00749691
58.6043	0.00225371
58.6393	0.00744583
58.6743	0.00463149
58.7094	0.00136697
58.7444	0.00602161
58.7794	0.00476454
58.8144	0.0129189
58.8494	0.0130055
58.8844	0.0054806
58.9195	0.00869886
58.9545	0.000708787
58.9895	0.0075283
59.0245	0.0119949
59.0595	0.0141247
59.0945	0.00643476
59.1296	0.0152593
59.1646	0.00242154
59.1996	0.00376186
59.2346	0.0135483
59.2696	0.0183556
59.3047	0.0124672
59.3397	0.00979829
59.3747	-0.000975919
59.4097	-0.000112235
59.4447	0.010647
59.4797	0.00820969
59.5148	0.00447082
59.5498	0.0103277
59.5848	0.0105757
59.6198	0.0147221
59.6548	0.010683
59.6898	0.016142
59.7249	0.01004
59.7599	0.00942333
59.7949	0.0153216
59.8299	0.0051078
59.8649	0.0240722
59.8999	0.0118763
59.935	0.0119041
59.97	0.0126255
60.005	0.0193857
60.04	0.0139625
60.075	0.00197472
60.1101	0.0170174
60.1451	0.00829552
60.1801	0.0105358
60.2151	0.00360373
60.2501	0.012631
60.2851	0.00674313
60.3202	0.0105008
60.3552	0.0085795
60.3902	0.0196251
60.4252	0.0199113
60.4602	0.0102326
60.4952	0.0103199
60.5303	0.00813279
60.5653	0.01553
60.6003	0.0083554
60.6353	0.00789331
60.6703	0.014893
60.7054	0.0073085
60.7404	0.00981122
60.7754	0.00209345
60.8104	0.013521
60.8454	0.0197043
60.8804	0.0136061
60.9155	0.017309
60.9505	0.00576949
60.9855	0.0111816
61.0205	0.0052842
61.0555	0.00886117
61.0905	0.0138611
61.1256	0.0105091
61.1606	0.00293679
61.1956	0.00342485
61.2306	0.00309418
61.2656	0.0124573
61.3007	0.0203195
61.3357	0.0168123
61.3707	0.000520074
61.4057	0.0171054
61.4407	0.014682
61.4757	0.0022735
61.5108	0.00848399
61.5458	0.0154776
61.5808	0.0127522
61.6158	0.00345452
61.6508	0.0130537
61.6858	-0.000687503
61.7209	0.00888589
61.7559	0.0156898
61.7909	0.010092
61.8259	0.00750531
61.8609	0.0144467
61.8959	0.0148738
61.931	0.0165502
61.966	0.0143717
62.001	0.0154069
62.036	0.0136645
62.071	0.0113276
62.1061	0.0104475
62.1411	0.0088137
62.1761	0.00393816
62.2111	0.00522344
62.2461	0.00858993
62.2811	0.0112073
62.3162	0.0172041
62.3512	0.00979101
62.3862	0.0150174
62.4212	0.0153966
62.4562	0.00884277
62.4912	0.0129735
62.5263	0.00878236
62.5613	0.0166107
62.5963	0.0131792
62.6313	0.00404758
62.6663	0.0108076
62.7014	0.0182406
62.7364	0.00909384
62.7714	0.0122386
62.8064	0.0127294
62.8414	0.00481689
62.8764	0.0125535
62.9115	0.00303082
62.9465	0.00687188
62.9815	0.0153786
63.0165	0.0117838
63.0515	0.00847761
63.0865	0.0122323
63.1216	0.00969954
63.1566	0.0100629
63.1916	0.0132841
63.2266	0.00636316
63.2616	0.0102017
63.2966	0.00843866
63.3317	0.00207198
63.3667	0.00539772
63.4017	0.017841
63.4367	0.0119236
63.4717	0.00338206
63.5068	0.00229823
63.5418	0.00943918
63.5768	0.0178059
63.6118	0.00906621
63.6468	0.016535
63.6818	0.0117597
63.7169	0.0123563
63.7519	0.0033214
63.7869	0.0146876
63.8219	0.00832534
63.8569	0.0143155
63.8919	0.00592915
63.927	0.0108852
63.962	0.01176
63.997	0.00922983
64.032	0.0120227
64.067	0.00866801
64.1021	0.0067547
64.1371	0.0180274
64.1721	0.0152448
64.2071	0.00619568
64.2421	0.0128422
64.2771	0.00628661
64.3122	0.00407658
64.3472	0.015169
64.3822	0.0014795
64.4172	0.0146343
64.4522	0.00873639
64.4872	0.00894227
64.5223	0.0120488
64.5573	0.012906
64.5923	0.00586828
64.6273	0.0135886
64.6623	0.0105669
64.6973	0.00371973
64.7324	0.00915063
64.7674	0.0169064
64.8024	0.018383
64.8374	0.0135867
64.8724	0.00404828
64.9075	0.012453
64.9425	0.0142543
64.9775	0.0136285
65.0125	0.0139248
65.0475	0.0118163
65.0825	0.00963794
65.1176	0.00695816
65.1526	0.000510322
65.1876	0.0116982
65.2226	0.0109303
65.2576	0.0127879
65.2926	0.00331228
65.3277	0.0132251
65.3627	0.0202727
65.3977	0.0103923
65.4327	0.00969167
65.4677	0.011545
65.5028	0.0201617
65.5378	0.00488176
65.5728	0.011016
65.6078	0.00600171
65.6428	0.00726498
65.6778	0.00975205
65.7129	0.0167366
65.7479	0.019005
65.7829	0.0122407
65.8179	0.00811703
65.8529	0.0224637
65.8879	0.00786223
65.923	0.00714432
65.958	0.00112528
65.993	0.0169805
66.028	0.0148412
66.063	0.022089
66.098	0.00305238
66.1331	0.0172909
66.1681	0.0103507
66.2031	0.0140305
66.2381	0.00176111
66.2731	0.0173404
66.3082	0.0139326
66.3432	0.00980545
66.3782	0.0132256
66.4132	0.00617252
66.4482	0.0071028
66.4832	0.00768278
66.5183	0.000736361
66.5533	0.0143088
66.5883	0.015958
66.6233	0.00649328
66.6583	0.011741
66.6933	0.0086723
66.7284	0.0116414
66.7634	0.00686211
66.7984	0.00558287
66.8334	0.0152604
66.8684	0.00968065
66.9035	0.0201105
66.9385	0.0102315
66.9735	0.00536961
67.0085	0.0161347
67.0435	0.013154
67.0785	0.0136344
67.1136	0.015953
67.1486	0.00673602
67.1836	0.00936373
67.2186	0.00914275
67.2536	0.00354627
67.2886	0.00868205
67.3237	0.0166819
67.3587	0.0111867
67.3937	0.00326969
67.4287	0.0022208
67.4637	0.0183239
67.4987	0.0095484
67.5338	0.00676295
67.5688	0.00863004
67.6038	0.00261346
67.6388	0.0171155
67.6738	0.00803474
67.7089	0.016837
67.7439	0.0102583
67.7789	0.0171477
67.8139	0.0112835
67.8489	0.0142662
67.8839	0.0135955
67.919	0.0131165
67.954	0.0117397
67.989	0.00883575
68.024	0.0195772
68.059	0.00546532
68.094	0.0100215
68.1291	0.0100744
68.1641	0.0120122
68.1991	0.00785264
68.2341	0.0115737
68.2691	0.00915579
68.3042	0.00209024
68.3392	0.0100478
68.3742	0.00449717
68.4092	0.00132807
68.4442	0.0106844
68.4792	0.0124394
68.5143	0.0126335
68.5493	0.0128359
68.5843	0.000337055
68.6193	0.00319492
68.6543	0.0198676
68.6893	0.00476396
68.7244	0.0130542
68.7594	0.00656531
68.7944	0.0103984
68.8294	0.00683373
68.8644	0.0128077
68.8994	0.0106839
68.9345	0.00775855
68.9695	0.00474914
69.0045	0.0113389
69.0395	0.00393641
69.0745	0.0121374
69.1096	0.0231324
69.1446	0.0167509
69.1796	0.0135917
69.2146	0.00957196
69.2496	0.000306237
69.2846	0.00338857
69.3197	0.016414
69.3547	0.00605122
69.3897	0.00650374
69.4247	0.00917175
69.4597	0.00468977
69.4947	0.00386616
69.5298	0.00974763
69.5648	0.00554235
69.5998	0.00629491
69.6348	0.00609404
69.6698	0.0126118
69.7049	0.00883937
69.7399	0.00910714
69.7749	0.0129847
69.8099	0.0092898
69.8449	0.00860873
69.8799	0.0123523
69.915	0.013341
69.95	0.00926463
69.985	0.010403
70.02	0.00609105
70.055	0.00569658
70.09	0.0138457
70.1251	0.0122247
70.1601	0.0122765
70.1951	0.0114043
70.2301	0.010231
70.2651	0.0134821
70.3002	0.0146755
70.3352	0.0145561
70.3702	0.00949611
70.4052	0.016935
70.4402	0.0111423
70.4752	0.0131619
70.5103	0.0114104
70.5453	0.011235
70.5803	0.00632124
70.6153	0.0135068
70.6503	0.0242265
70.6853	0.00812602
70.7204	0.010355
70.7554	0.00776897
70.7904	0.0075599
70.8254	0.0177222
70.8604	0.00663514
70.8954	0.0076296
70.9305	0.00206254
70.9655	0.00621194
71.0005	0.001458
71.0355	0.013159
71.0705	0.0239985
71.1056	0.00816661
71.1406	0.00166621
71.1756	0.0145
71.2106	0.00636538
71.2456	0.0164967
71.2806	0.00858985
71.3157	0.00684092
71.3507	0.00911021
71.3857	0.0137889
71.4207	0.0088629
71.4557	0.00751638
71.4907	0.00900584
71.5258	0.00364072
71.5608	0.0119852
71.5958	0.00106637
71.6308	0.00777939
71.6658	0.0137969
71.7009	0.0115152
71.7359	0.0129516
71.7709	0.00967477
71.8059	0.0158487
71.8409	0.0146235
71.8759	0.0122307
71.911	0.0146377
71.946	0.0137521
71.981	0.00780268
72.016	0.00328051
72.051	0.0121018
72.086	0.0127304
72.1211	0.0154524
72.1561	0.00531839
72.1911	0.00546784
72.2261	0.0122995
72.2611	0.00964417
72.2961	0.000571192
72.3312	0.0118755
72.3662	0.000737885
72.4012	0.00527372
72.4362	0.0167584
72.4712	0.0191244
72.5063	0.00392172
72.5413	0.00835304
72.5763	0.0102131
72.6113	0.0189061
72.6463	0.00753566
72.6813	0.00761558
72.7164	0.0177436
72.7514	0.00812605
72.7864	0.013611
72.8214	0.00261429
72.8564	0.00914384
72.8914	0.00170202
72.9265	0.00472283
72.9615	0.014196
72.9965	0.00975047
73.0315	0.00840447
73.0665	0.00625625
73.1016	0.00889672
73.1366	0.0115056
73.1716	0.0149146
73.2066	-0.00312573
73.2416	0.00584119
73.2766	0.0107955
73.3117	0.00950568
73.3467	0.0120169
73.3817	0.0113377
73.4167	0.00847566
73.4517	0.00736573
73.4867	0.00877249
73.5218	0.0157437
73.5568	0.00633996
73.5918	0.00968597
73.6268	0.0109167
73.6618	0.0178018
73.6968	0.00849846
73.7319	0.014794
73.7669	0.0161599
73.8019	0.00968123
73.8369	0.00894641
73.8719	0.00835473
73.907	0.00872088
73.942	0.0142712
73.977	0.011155
74.012	0.0111764
74.047	0.00437388
74.082	0.00516255
74.1171	0.0207172
74.1521	0.00911087
74.1871	0.00612614
74.2221	0.0171555
74.2571	0.011409
74.2921	0.0128908
74.3272	0.00930977
74.3622	0.00840665
74.3972	0.00915209
74.4322	0.00308635
74.4672	0.00956043
74.5023	0.0114803
74.5373	0.0192525
74.5723	0.0104304
74.6073	-0.00167028
74.6423	0.00953107
74.6773	0.0236992
74.7124	0.0143345
74.7474	0.00594988
74.7824	0.0129624
74.8174	0.00630083
74.8524	0.00324801
74.8874	0.00828456
74.9225	0.0104981
74.9575	0.000700671
74.9925	0.00434655
75.0275	0.0101891
75.0625	0.00816153
75.0975	0.0122692
75.1326	0.00435283
75.1676	0.0141798
75.2026	0.00494336
75.2376	0.0194217
75.2726	0.00309692
75.3077	0.00683858
75.3427	0.015216
75.3777	0.0225334
75.4127	0.0171889
75.4477	0.0202214
75.4827	0.0197637
75.5178	0.017382
75.5528	0.0235725
75.5878	0.0242525
75.6228	0.029099
75.6578	0.0436843
75.6928	0.0433504
75.7279	0.0590553
75.7629	0.0607145
75.7979	0.0797939
75.8329	0.0882935
75.8679	0.111504
75.903	0.12106
75.938	0.141699
75.973	0.148749
76.008	0.170508
76.043	0.183426
76.078	0.204436
76.1131	0.223062
76.1481	0.237907
76.1831	0.251505
76.2181	0.265037
76.2531	0.273016
76.2881	0.289782
76.3232	0.305994
76.3582	0.299874
76.3932	0.303103
76.4282	0.317981
76.4632	0.301961
76.4982	0.300015
76.5333	0.292234
76.5683	0.280565
76.6033	0.255817
76.6383	0.246771
76.6733	0.223057
76.7084	0.225737
76.7434	0.18743
76.7784	0.171993
76.8134	0.154135
76.8484	0.134547
76.8834	0.132329
76.9185	0.122259
76.9535	0.0935424
76.9885	0.0763796
77.0235	0.0601889
77.0585	0.0598771
77.0935	0.0505367
77.1286	0.041115
77.1636	0.0388769
77.1986	0.0341889
77.2336	0.0292064
77.2686	0.0222113
77.3037	0.0151976
77.3387	0.0215564
77.3737	0.0163222
77.4087	0.019157
77.4437	0.0174668
77.4787	0.00548745
77.5138	0.0047267
77.5488	0.00759574
77.5838	0.00570273
77.6188	0.0144743
77.6538	0.0122468
77.6888	0.0158368
77.7239	0.0122171
77.7589	0.0112032
77.7939	0.0161065
77.8289	0.0124207
77.8639	0.0103882
77.8989	0.0174335
77.934	0.0105961
77.969	0.00849128
78.004	0.00581913
78.039	0.0135203
78.074	0.0161885
78.1091	0.00974906
78.1441	0.0165408
78.1791	0.00015066
78.2141	0.00972317
78.2491	0.00979979
78.2841	0.00636518
78.3192	0.0219194
78.3542	0.00966909
78.3892	0.00796138
78.4242	0.0101298
78.4592	-1.40596e-05
78.4942	0.00620067
78.5293	0.0149162
78.5643	0.00685527
78.5993	0.00585562
78.6343	0.0165476
78.6693	0.0167013
78.7044	0.012585
78.7394	0.00772441
78.7744	0.00880264
78.8094	0.00597925
78.8444	0.00502613
78.8794	0.00477792
78.9145	0.00690973
78.9495	0.0048264
78.9845	0.00218147
79.0195	0.011097
79.0545	0.011173
79.0895	0.018504
79.1246	0.00665831
79.1596	0.0114805
79.1946	0.0115636
79.2296	0.00873081
79.2646	0.0137217
79.2996	0.0138761
79.3347	0.0116371
79.3697	0.0087218
79.4047	0.00821235
79.4397	0.00316123
79.4747	0.00597041
79.5098	0.00688996
79.5448	0.00438014
79.5798	0.0121996
79.6148	0.0159831
79.6498	0.00545969
79.6848	0.0114172
79.7199	0.00482944
79.7549	0.00847539
79.7899	0.00654835
79.8249	0.0130095
79.8599	0.00660606
79.8949	0.0150583
79.93	0.0087714
79.965	0.00675198
80	0.00373347
