energy	total	s	p	d
-8.0	7.453306344157342e-06	0.004443598615296923	1.735874863167526e-22	1.2177807523716078e-07
-7.982478097622027	8.313907968484188e-06	0.004682708799082945	2.323597947767307e-22	1.4046003330881187e-07
-7.964956195244055	9.269431862349774e-06	0.004933170709410446	3.107657703591336e-22	1.619065112333858e-07
-7.947434292866083	1.0329818309870647e-05	0.005195433630072362	4.152742402276531e-22	1.8651069843329064e-07
-7.92991239048811	1.1505987875508722e-05	0.005469959646351852	5.544551611769987e-22	2.147192928567459e-07
-7.9123904881101375	1.2809931401565432e-05	0.005757223743227671	7.396520944500418e-22	2.470394285817941e-07
-7.894868585732166	1.4254807565046447e-05	0.006057713888467386	9.858666488175833e-22	2.840464501528506e-07
-7.877346683354193	1.5855048558063694e-05	0.00637193109965291	1.3129206567696501e-21	3.263926303067827e-07
-7.85982478097622	1.762647449122469e-05	0.006700389494167947	1.746981920157475e-21	3.748169378847543e-07
-7.842302878598248	1.958641715631881e-05	0.007043616321163943	2.3225654550713326e-21	4.3015597381680164e-07
-7.824780976220275	2.1753853823039435e-05	0.007402151974509433	3.0851560559358013e-21	4.933562051838126e-07
-7.807259073842303	2.4149551784503873e-05	0.007776549985718186	4.09464197395067e-21	5.654876405866146e-07
-7.78973717146433	2.6796224407927796e-05	0.008167376995844257	5.42980651233222e-21	6.477591044689268e-07
-7.772215269086358	2.9718699489969337e-05	0.008575212705326175	7.194198172707816e-21	7.41535283738964e-07
-7.754693366708386	3.294410076096597e-05	0.00900064980076025	9.52379551859639e-21	8.483557371077771e-07
-7.737171464330413	3.650204342849298e-05	0.0094442938575817	1.2597006414020227e-20	9.699560761088665e-07
-7.719649561952441	4.042484469834913e-05	0.009906763217634153	1.6647700780504355e-20	1.1082915468862354e-06
-7.702127659574468	4.474775026016105e-05	0.010388688840613404	2.1982181789647818e-20	1.2655632636443325e-06
-7.684605757196495	4.950917777521093e-05	0.010890714128377678	2.9001265654258603e-20	1.4442473682543487e-06
-7.667083854818523	5.475097845577366e-05	0.011413494721127524	3.822898176290329e-20	1.647127416022693e-06
-7.649561952440551	6.051871787806759e-05	0.011957698264471597	5.034984437216404e-20	1.8773303151688416e-06
-7.632040050062578	6.686197722478926e-05	0.012524004146410458	6.625721194275101e-20	2.1383661772529344e-06
-7.614518147684606	7.38346762079717e-05	0.013113103203291019	8.711597557327375e-20	2.4341724677652046e-06
-7.5969962453066335	8.149541897841769e-05	0.013725697393806422	1.1444374856406408e-19	2.769162880466895e-06
-7.579474342928661	8.990786438405032e-05	0.014362499440142357	1.5021592185180603e-19	3.148281395985474e-06
-7.561952440550688	9.914112199601156e-05	0.015024232435401587	1.9700147727494478e-19	3.5770620247491777e-06
-7.5444305381727155	0.00010927017537796821	0.01571162941647072	2.581384043129078e-19	4.061694776724992e-06
-7.526908635794744	0.00012037633413067003	0.01642543290153111	3.3796006278962626e-19	4.609098445735106e-06
-7.509386733416771	0.00013254771630003727	0.01716639439145635	4.420870220063123e-19	5.227000844497575e-06
-7.491864831038798	0.0001458797627926541	0.01793527383438295	5.778029732800849e-19	5.924027178092411e-06
-7.4743429286608265	0.00016047578549724387	0.018732839052790096	7.545384950562506e-19	6.709797298423084e-06
-7.456821026282854	0.00017644755086405024	0.019559865132476064	9.844930473989575e-19	7.5950326405356085e-06
-7.439299123904881	0.00019391590074579847	0.020417133772874574	1.2834339643044183e-18	8.591673703489075e-06
-7.421777221526908	0.0002130114123535796	0.021305432598215768	1.671721875494151e-18	9.71300900394318e-06
-7.404255319148936	0.00023387509922816565	0.02222555442909918	2.175625526016215e-18	1.0973816499828112e-05
-7.386733416770964	0.00025665915517151296	0.0231782965141146	2.8290061299082964e-18	1.2390518554471459e-05
-7.369211514392991	0.0002815277431239759	0.024164459721218685	3.6754731464860454e-18	1.3981351588438255e-05
-7.351689612015019	0.0003086578310095705	0.02518484768864984	4.771140902136908e-18	1.576655164713599e-05
-7.334167709637047	0.0003382400766039311	0.026240265935244908	6.188150300119222e-18	1.7768557196977905e-05
-7.316645807259074	0.0003704797635067761	0.027331520930103173	8.019163850891361e-18	2.001223055158248e-05
-7.299123904881101	0.00040559779032211	0.0284594191216299	1.0383097777395015e-17	2.252509942208835e-05
-7.281602002503129	0.0004438317151645188	0.029624765926083714	1.3432424958748603e-17	2.5337620182146267e-05
-7.264080100125156	0.00048543685761784215	0.030828364675844058	1.7362470666505084e-17	2.848346453839958e-05
-7.246558197747184	0.0005306874602727731	0.03207101552771359	2.2423234034158507e-17	3.1999831401188966e-05
-7.2290362953692116	0.000579877911961631	0.03335351433167082	2.8934407739647664e-17	3.592778585764307e-05
-7.211514392991239	0.0006333240347909546	0.03467665146059047	3.7304443647194523e-17	4.0312627260026746e-05
-7.193992490613267	0.000691364437044983	0.03604121060155836	4.8054732082375814e-17	4.520428855600094e-05
-7.176470588235294	0.0007543619339944582	0.03744796750951396	6.185023811440401e-17	5.06577691039469e-05
-7.158948685857322	0.0008227050385949482	0.03889768872406689	7.953828349880584e-17	5.6733603335408774e-05
-7.141426783479349	0.0008968095239961007	0.04039113025044827	1.0219759492962063e-16	6.34983677475763e-05
-7.123904881101376	0.0009771200597067829	0.04192903620567278	1.3120027921348526e-16	7.10252288310718e-05
-7.1063829787234045	0.0010641119231705211	0.04351213743110598	1.6829006023172435e-16	7.939453466159757e-05
-7.088861076345432	0.0011582927883997008	0.04514115007275135	2.1568095367447592e-16	8.86944530075884e-05
-7.071339173967459	0.001260204593194884	0.04681677413069088	2.761816037784838e-16	9.902165892922508e-05
-7.053817271589487	0.0013704254863367007	0.04853969197923747	3.533518114016133e-16	0.00011048207496620314
-7.036295369211515	0.0014895718559805456	0.05031056685947802	4.5169940606021765e-16	0.0001231916671316572
-7.018773466833542	0.001618300440308595	0.05213004134600886	5.769276316298068e-16	0.0001372773000466461
-7.001251564455569	0.0017573105212982082	0.05399873578979053	7.362457193164348e-16	0.00015287765466260502
-6.983729662077597	0.0019073462022495486	0.055917246739169306	9.3875842667597e-16	0.00017014421212695752
-6.966207759699625	0.002069198769478087	0.057886145341235956	1.1959541684651955e-15	0.00018924230744848318
-6.948685857321652	0.0022437091383179734	0.0599059757258141	1.5223161264582153e-15	0.00021035225671268564
-6.931163954943679	0.002431770383299857	0.061977253374487944	1.9360866125303543e-15	0.00023367056168182597
-6.913642052565708	0.0026343303520610225	0.0641004634772006	2.4602222312674797e-15	0.0002594111956880443
-6.896120150187735	0.002852394362215275	0.06627605927906718	3.1235863619023363e-15	0.00028780697478928514
-6.878598247809762	0.003087027980055224	0.0685044604201603	3.96243654163818e-15	0.00031911101820495205
-6.86107634543179	0.00333935987957974	0.0707860512711383	5.022277955974042e-15	0.0003535983020794592
-6.843554443053817	0.003610584779933168	0.07312117926769043	6.36017100275514e-15	0.00039156731063509566
-6.826032540675845	0.0039019664589116194	0.07551015324687799	8.04760149730285e-15	0.00043334178876896443
-6.808510638297872	0.004214840839733622	0.07795324178854945	1.0174047380284712e-14	0.00047927260011991566
-6.7909887359199	0.004550619147788213	0.08045067156509986	1.2851406816208125e-14	0.0005297396945782289
-6.773466833541928	0.004910791133563806	0.08300262570293689	1.621949058921755e-14	0.000585154189131037
-6.755944931163955	0.0052969283574244	0.08560924215909799	2.0452828243267505e-14	0.0006459605658276192
-6.7384230287859825	0.005710687531337732	0.08827061211653914	2.57690943283508e-14	0.0007126389905083204
-6.72090112640801	0.006153813912073346	0.09098677840169195	3.24395306454199e-14	0.0007857077557667375
-6.703379224030037	0.0066281447397758845	0.09375773392794569	4.080182524069086e-14	0.0008657258514038889
-6.685857321652065	0.007135612715183878	0.09658342016877133	5.1276012358790053e-14	0.0009532956653833933
-6.668335419274093	0.00767824950810566	0.09946372566425542	6.438408357283269e-14	0.0010490658180052504
-6.65081351689612	0.00825818928908348	0.10239848456485019	8.077415362679671e-14	0.0011537341316801414
-6.633291614518148	0.008877672275477392	0.10538747521618666	1.0125021087970902e-13	0.001268050738304111
-6.6157697121401755	0.009539048282480448	0.10843041878881787	1.2680870851959915e-13	0.0013928213258018688
-6.598247809762203	0.010244780268840814	0.1115269779567774	1.5868352719013064e-13	0.0015289105249240242
-6.58072590738423	0.010997447866316425	0.11467675562884881	1.9840117226871655e-13	0.0016772454368468152
-6.5632040050062574	0.011799750881122582	0.11787929373643619	2.478484716449047e-13	0.0018388193015297762
-6.545682102628286	0.012654512754860651	0.12113407208191546	3.093555267089278e-13	0.002014695306136012
-6.528160200250313	0.013564683971633705	0.12444050725132692	3.857972573958768e-13	0.002206010532108675
-6.51063829787234	0.014533345397269158	0.1277979515952323	4.807175918731693e-13	0.0024139800387247548
-6.4931163954943685	0.015563711535782308	0.13120569228152398	5.98481207065192e-13	0.0026399010801120585
-6.475594493116396	0.016659133687428027	0.13466295042391704	7.444587565858198e-13	0.002885157451815468
-6.458072590738423	0.017823102991908975	0.13816888028978977	9.252527622058296e-13	0.003151223962034313
-6.44055068836045	0.01905925333953996	0.14172256859097027	1.1489728346298062e-12	0.003439671021623206
-6.423028785982478	0.02037136413240955	0.14532303386097453	1.4255706776826581e-12	0.003752169345853255
-6.405506883604506	0.02176336287684461	0.14896922592210918	1.767247474647215e-12	0.004090494759770865
-6.387984981226533	0.023239327587766086	0.1526600254457446	2.1889488247454437e-12	0.00445653309776691
-6.370463078848561	0.02480348898483632	0.15639424360894194	2.708965472443622e-12	0.0048522851866817564
-6.352941176470589	0.026460232459644698	0.1601706218504955	3.349661747939229e-12	0.00527987190042389
-6.335419274092616	0.0282140997925573	0.16398783172930598	4.138358026674851e-12	0.005741539272672683
-6.317897371714643	0.03006979059728172	0.16784447488784954	5.108398752088394e-12	0.0062396636527733
-6.300375469336671	0.03203216347067322	0.17173908312335173	6.300443805797508e-12	0.006776756888418119
-6.282853566958698	0.03410623682483121	0.1756701185690973	7.764028437461989e-12	0.007355471517145918
-6.265331664580726	0.036297189378125004	0.17963597398812897	9.559445799420383e-12	0.007978605947086341
-6.2478097622027535	0.03861036028143678	0.18363497318139588	1.1760016623280657e-11	0.00864910960573485
-6.230287859824781	0.041051248855632536	0.1876653715122087	1.4454823025242138e-11	0.009370088033871333
-6.212765957446809	0.04362551391607434	0.19172535654865316	1.775199818333875e-11	0.01014480790004061
-6.195244055068836	0.046338972659865675	0.1958130488253901	2.1782681101538606e-11	0.010976701909301556
-6.177722152690864	0.049197599091494244	0.19992650272604148	2.6705766339933607e-11	0.011869373578234518
-6.160200250312891	0.05220752196260514	0.2040637074871326	3.271360300390258e-11	0.012826601846482665
-6.142678347934918	0.05537502220179761	0.20822258832430995	4.0038826096921055e-11	0.013852345493401322
-6.1251564455569465	0.05870652981061476	0.21240100768130854	4.8962537306766304e-11	0.014950747326712564
-6.107634543178974	0.06220862020227517	0.21659676660188598	5.982409229095131e-11	0.016126138108422103
-6.090112640801001	0.06588800996019263	0.22080760622467344	7.303279857333583e-11	0.017383040181662347
-6.072590738423029	0.06975155199395414	0.22503120940063337	8.908188344152847e-11	0.01872617076059706
-6.055068836045057	0.0738062300711648	0.2292652024325367	1.0856515611208557e-10	0.020160444844067267
-6.037546933667084	0.07805915270444495	0.23350715693559398	1.3219686449000336e-10	0.02169097771229403
-6.020025031289111	0.0825175463738761	0.2377545918181031	1.6083533591827428e-10	0.02332308696469594
-6.002503128911139	0.08718874806632872	0.24200497538068697	1.9551109550059634e-10	0.025062294055740363
-5.984981226533167	0.09208019711439773	0.24625572753241412	2.374602773145342e-10	0.026914325284745945
-5.967459324155194	0.09719942631909213	0.2505042221218114	2.881642859080016e-10	0.028885112194707588
-5.949937421777221	0.10255405234199565	0.2547477893804883	3.4939683109946205e-10	0.030980791334533637
-5.93241551939925	0.10815176535433657	0.2589837184768153	4.232796519662869e-10	0.033207703338595775
-5.914893617021277	0.1140003179322592	0.26320926017681	5.123484702276967e-10	0.035572391277201514
-5.897371714643304	0.12010751318959684	0.26742162960910315	6.196309738402206e-10	0.03808159823152789
-5.8798498122653315	0.1264811921416061	0.27161800913058537	7.487389340457889e-10	0.04074226404672417
-5.862327909887359	0.1331292202954047	0.2757955512890537	9.039769096460061e-10	0.04356152121730763
-5.844806007509387	0.1400594734653006	0.2799513818789123	1.0904703981017082e-09	0.04654668985966147
-5.827284105131414	0.1472798228137695	0.28408260308571637	1.3143167623459387e-09	0.049705271727415665
-5.809762202753442	0.15479811912154026	0.2881862967150889	1.582762804237067e-09	0.053044943226751504
-5.79224030037547	0.16262217629309536	0.29225952750129264	1.90441348090497e-09	0.05657354739025072
-5.774718397997497	0.17075975410683794	0.2962993464904951	2.2894769807964372e-09	0.0602990847698056
-5.7571964956195245	0.17921854022225567	0.30030279449352704	2.750052205516363e-09	0.06422970321133219
-5.739674593241552	0.1880061314596027	0.304266905602718	3.300465656852504e-09	0.06837368647661125
-5.722152690863579	0.19713001437088737	0.30818871076717064	3.957665822879049e-09	0.07273944168049527
-5.704630788485607	0.20659754512434106	0.31206524142063546	4.741684412152938e-09	0.0773354855150046
-5.687108886107635	0.21641592872798762	0.31589353315595736	5.676175222554841e-09	0.08217042923547777
-5.669586983729662	0.2265921976214511	0.3196706294398806	6.789043075771914e-09	0.08725296238793928
-5.65206508135169	0.23713318966873156	0.3233935853618404	8.113177127227323e-09	0.09259183526122305
-5.6345431789737175	0.24804552558828316	0.32705947141020947	9.687305005156886e-09	0.09819584005211363
-5.617021276595745	0.25933558586038236	0.3306653772693324	1.1556986675850715e-08	0.10407379073684667
-5.599499374217772	0.2710094871554529	0.33420841563055903	1.3775769713128192e-08	0.11023450164775597
-5.581977471839799	0.2830730583306566	0.3376857260103762	1.6406530811545164e-08	0.11668676475961186
-5.564455569461828	0.2955318160457212	0.34109447856864616	1.9523031972080208e-08	0.12343932569630053
-5.546933667083855	0.30839094005258766	0.3444318779198861	2.321172385874456e-08	0.13050085847490184
-5.529411764705882	0.32165524821700814	0.347695166930458	2.757383343301168e-08	0.13787993901091197
-5.5118898623279104	0.33532917133373946	0.3508816304945025	3.2727778184673474e-08	0.14558501741533933
-5.494367959949938	0.34941672780036526	0.3539885992814197	3.881195516384795e-08	0.15362438912160425
-5.476846057571965	0.36392149821807385	0.3570134534476931	4.598795965782325e-08	0.16200616488759922
-5.459324155193992	0.378846599990913	0.3599536263058652	5.4444295834442596e-08	0.17073823972589897
-5.44180225281602	0.394194661998043	0.3628066079434982	6.440065008540774e-08	0.17982826082285844
-5.424280350438048	0.40996779941638767	0.3655699487849995	7.611280725184346e-08	0.1892835945152348
-5.406758448060075	0.42616758877375926	0.36824126308925603	8.98783005139401e-08	0.19911129240092995
-5.3892365456821025	0.4427950433149919	0.37081823237610223	1.0604289759991362e-07	0.20931805666843434
-5.371714643304131	0.45985058876589757	0.37329860877474547	1.250080392513231e-07	0.2199102047375653
-5.354192740926158	0.4773340395818453	0.37568021828739195	1.4723936071767092e-07	0.23089363331200125
-5.336670838548185	0.4952445757695146	0.3779609639614451	1.7327644360119465e-07	0.24227378195194804
-5.319148936170213	0.5135807203718684	0.3801388289638081	2.0374396380346724e-07	0.25405559628295576
-5.30162703379224	0.532340317707541	0.3822118795509843	2.393644218225746e-07	0.26624349096435396
-5.284105131414268	0.551520512456718	0.38417826792885745	2.809726644109264e-07	0.2788413125479836
-5.2665832290362955	0.5711177296861228	0.386036234996235	3.2953243184083133e-07	0.29185230236479653
-5.249061326658323	0.5911276559059059	0.38778411296645454	3.8615519296405107e-07	0.3052790595833939
-5.231539424280351	0.6115452212511034	0.3894203278615858	4.521215611337303e-07	0.3191235045906904
-5.214017521902378	0.6323645828797806	0.39094340187400967	5.289056181382181e-07	0.3333868428504828
-5.196495619524406	0.6535791096790753	0.3923519555904116	6.182025108471473e-07	0.34806952940076813
-5.178973717146433	0.6751813683690906	0.3936447100735094	7.219597265765697e-07	0.3631712341551673
-5.16145181476846	0.6971631110928665	0.39482048879711423	8.424124985413858e-07	0.3786908081776138
-5.1439299123904885	0.7195152645786002	0.39587821943042906	9.821238424940806e-07	0.3946262511026373
-5.126408010012516	0.7422279209577843	0.3968169354677957	1.1440297800752322e-06	0.41097467987596126
-5.108886107634543	0.7652903303200213	0.39763577770042313	1.3314903638618276e-06	0.4277322989917359
-5.091364205256571	0.7886908950819951	0.3983339955269607	1.5483471839438325e-06	0.44489437240353047
-5.073842302878599	0.8124171662443408	0.3989109481001177	1.7989881064440203e-06	0.4624551972860914
-5.056320400500626	0.8364558416060315	0.3993661053068762	2.0884200710860063e-06	0.4804080798238686
-5.038798498122653	0.8607927660014234	0.3996990485802006	2.4223508580779195e-06	0.4987453132003921
-5.0212765957446805	0.8854129336201523	0.3999094715405019	2.807280824582517e-06	0.5174581579596407
-5.003754693366709	0.9103004924648168	0.39999718046548166	3.2506057082550685e-06	0.5365368249066627
-4.986232790988736	0.9354387509957264	0.39996209458734694	3.760731700105964e-06	0.5559704607098045
-4.968710888610763	0.9608101870059695	0.3998042462167572	4.347204101632062e-06	0.5757471363609603
-4.951188986232792	0.9863964587637486	0.39952378069323835	5.020851002090571e-06	0.5958538386433528
-4.933667083854819	1.0121784184522369	0.39912095616216836	5.793943541265328e-06	0.6162764647483638
-4.916145181476846	1.0381361279302534	0.3985961431788158	6.680374461374869e-06	0.636999820173971
-4.8986232790988735	1.0642488768298541	0.39794982414027946	7.695856799135518e-06	0.6580076200274049
-4.881101376720901	1.0904952029994073	0.39718259254654953	8.858144725608026e-06	0.6792824938436771
-4.863579474342929	1.1168529152930478	0.39629515209227417	1.0187278707466795e-05	0.7008059940197696
-4.846057571964956	1.143299118699501	0.395288315591177	1.1705857338804817e-05	0.7225586079514857
-4.828535669586984	1.169810241795175	0.39416300373542756	1.343933837752427e-05	0.7445197739462996
-4.811013767209012	1.1963620664982781	0.3929202436926149	1.5416371714674133e-05	0.7666679009711039
-4.793491864831039	1.2229297600923799	0.39156116754331666	1.7669167208589703e-05	0.7889803922785079
-4.7759699624530665	1.2494879094794862	0.39008701056259254	2.0233900528065357e-05	0.8114336729394198
-4.758448060075094	1.2760105576143554	0.3884991093490511	2.31511603696295e-05	0.8340032212931383
-4.740926157697121	1.3024712420633648	0.3867988998054585	2.646644064270841e-05	0.8566636043090432
-4.723404255319149	1.3288430356229488	0.38498791497515844	3.0230681452357684e-05	0.8793885168364526
-4.705882352941177	1.3550985889244054	0.3830677827388668	3.4500862951400305e-05	0.9021508247012618
-4.688360450563204	1.3812101749437338	0.38104022337668453	3.9340656381157976e-05	0.924922611589741
-4.670838548185232	1.4071497353272913	0.3789070470004371	4.482113687123084e-05	0.9476752296414832
-4.6533166458072595	1.4328889284363018	0.37667015086170486	5.1021562822438894e-05	0.970379353654951
-4.635794743429287	1.4583991790057786	0.37433151654114716	5.8030226951370774e-05	0.9930050387905702
-4.618272841051314	1.4836517293062912	0.37189320702494355	6.594538432800041e-05	1.0155217816379698
-4.600750938673341	1.5086176916901213	0.3693573636743887	7.48762629872533e-05	1.0378985844957627
-4.58322903629537	1.5332681023969001	0.36672620309486537	8.494416293872141e-05	1.0601040226944614
-4.565707133917397	1.5575739764877736	0.36400201391059905	9.628364963308382e-05	1.082106314775742
-4.548185231539424	1.5815063637714861	0.3611871534517558	0.0001090438481660499	1.10387339532441
-4.530663329161452	1.6050364055807054	0.35828404436058525	0.0001233898447073727	1.1253729902332943
-4.51314142678348	1.6281353922522461	0.35529517112343667	0.0001395042018298456	1.1465726941658507
-4.495619524405507	1.6507748211608089	0.35222307653558554	0.00015758859457710588	1.1674400499667354
-4.478097622027534	1.672926455152396	0.3490703581058897	0.0001778655742451043	1.187942629757063
-4.460575719649562	1.6945623812206525	0.3458396644083744	0.00020058046695536284	1.2080481174385398
-4.44305381727159	1.7156550692671935	0.34253369138789186	0.00022600341416362731	1.2277243923193444
-4.425531914893617	1.7361774307853846	0.33915517862703964	0.0002544315622697022	1.2469396135645339
-4.4080100125156445	1.7561028773061453	0.33570690558154037	0.00028619140846734874	1.2656623051649707
-4.390488110137673	1.775405378444187	0.3321916877912808	0.0003216413098911706	1.2838614411114204
-4.3729662077597	1.7940595193835782	0.3286123730741948	0.00036117416297392924	1.3015065304545457
-4.355444305381727	1.8120405576427865	0.3249718377101391	0.0004052202597162016	1.3185677019271187
-4.337922403003755	1.8293244789613288	0.32127298262185405	0.0004542503272840059	1.3350157878019915
-4.320400500625782	1.8458880521528416	0.31751872956003796	0.0005087787569817811	1.3508224066581058
-4.30287859824781	1.8617088827728272	0.31371201729947523	0.0005693670281910427	1.3659600447272653
-4.2853566958698375	1.8767654654534804	0.3098557978530554	0.0006366273323118867	1.3804021354964717
-4.267834793491865	1.8910372347628615	0.30595303271040925	0.0007112264010880233	1.3941231372443388
-4.250312891113893	1.9045046144512572	0.30200668910774714	0.0007938895429293335	1.4070986081955408
-4.23279098873592	1.917149064953796	0.298019736335345	0.0008854048899617716	1.4193052789842746
-4.215269086357948	1.9289531290252704	0.29399514208896255	0.0009866278575262485	1.4307211221264087
-4.197747183979975	1.9399004753906457	0.2899358688712983	0.0010984858167096062	1.4413254182102888
-4.180225281602002	1.9499759403028005	0.2858448704494075	0.0012219829792155775	1.451098818527992
-4.16270337922403	1.9591655669076933	0.2817250883738051	0.0013582054924666921	1.4600234038821662
-4.145181476846058	1.967456642326265	0.27757944856476774	0.0015083267412643654	1.468082739318378
-4.127659574468085	1.9748377323719548	0.27341085797113024	0.0016736128506197974	1.4752619245490246
-4.110137672090113	1.9812987138326572	0.2692222013066378	0.0018554283825001244	1.4815476398523122
-4.092615769712141	1.9868308042562086	0.26501633786867995	0.0020552422172097195	1.4869281872484146
-4.075093867334168	1.9914265891890066	0.26079609844398444	0.0022746336079451264	1.4913935267746539
-4.057571964956195	1.9950800468280536	0.2565642823055905	0.0025152983947244276	1.4949353077022616
-4.0400500625782225	1.9977865700574937	0.2523236543051655	0.002779055361398839	1.4975468945588641
-4.022528160200251	1.9995429858515024	0.24807694206445677	0.0030678527168103878	1.4992233878431864
-4.005006257822278	2.000347572036089	0.24382683326939986	0.0033837746783691195	1.4999616393414659
-3.9874843554443054	2.0002000714129107	0.2395759730701312	0.00372904813339341	1.499760261978549
-3.9699624530663336	1.9991017032584455	0.23532696158986655	0.004106049350497199	1.4986196341605313
-3.952440550688361	1.9970551722217562	0.23108235154532966	0.004517310710128475	1.4965418985899053
-3.934918648310388	1.9940646746534876	0.22684464598113363	0.004965527420077657	1.4935309555584144
-3.9173967459324155	1.9901359024075471	0.2226162961202235	0.005453564178399451	1.489592450746994
-3.899874843554443	1.9852760441650636	0.21839969933221415	0.005984461742742835	1.4847337575862198
-3.882352941176471	1.9794937843375384	0.21419719722116703	0.006561443361583961	1.4789639542544015
-3.8648310387984983	1.972799299612544	0.21001107383406714	0.007187921019327624	1.472293795413763
-3.8473091364205256	1.9652042532107437	0.20584355399098514	0.007867501443709712	1.4647356788078745
-3.829787234042554	1.956721786927326	0.20169680173762547	0.00860399182042561	1.456303606865544
-3.812265331664581	1.9473665110340568	0.19757291892069154	0.009401405156455883	1.4470131434776023
-3.7947434292866085	1.9371544921199897	0.19347394388623157	0.01026396523019515	1.4368813661333286
-3.7772215269086358	1.926103238949303	0.18940185030085532	0.011196111063249628	1.4259268136225067
-3.759699624530663	1.9142316864137543	0.18535854609546298	0.012202500845686791	1.414169429527251
-3.7421777221526913	1.9015601776547373	0.18134587253086776	0.013288015243641687	1.4016305017446162
-3.7246558197747186	1.8881104444258452	0.17736560338444865	0.014457760015546795	1.3883325982965755
-3.707133917396746	1.8739055857612397	0.17341944425673503	0.015717067860899044	1.3742994996981373
-3.689612015018774	1.8589700450078097	0.1695090319965862	0.017071499423457866	1.3595561281670512
-3.6720901126408014	1.8433295852702956	0.1656359342434123	0.01852684336912025	1.3441284739697483
-3.6545682102628287	1.8270112633080715	0.16180164908466751	0.0200891154574947	1.3280435192077664
-3.637046307884856	1.8100434019102916	0.15800760482663767	0.021764556525443155	1.3113291593568823
-3.6195244055068834	1.7924555607626487	0.15425515987635344	0.02355962930061802	1.294014122877543
-3.6020025031289116	1.7742785058041153	0.15054560273227094	0.025481013963345327	1.2761278892198682
-3.584480600750939	1.7555441770559115	0.1468801520811862	0.027535602376133932	1.257700605549517
-3.566958698372966	1.7362856548877061	0.14325995699868735	0.029730490901668273	1.238763002522098
-3.5494367959949944	1.7165371246677952	0.13968609725028602	0.03207297173241512	1.2193463094334824
-3.5319148936170217	1.696333839725062	0.13615958369023248	0.03457052265797378	1.1994821690714956
-3.514392991239049	1.6757120825310097	0.1326813587548817	0.037230795200062984	1.1792025525909717
-3.4968710888610763	1.6547091239903453	0.12925229704735305	0.04006160104960479	1.1585396747290693
-3.4793491864831037	1.6333631807088462	0.12587320601011767	0.04307089674574569	1.1375259096712487
-3.461827284105132	1.611713370087763	0.12254482668204472	0.04626676654288886	1.1161937078703026
-3.444305381727159	1.5897996630751838	0.11926783453634722	0.049657403418901125	1.0945755141114994
-3.4267834793491865	1.5676628343870047	0.11604284039579243	0.05325108818561725	1.0727036871062705
-3.4092615769712147	1.5453444099936782	0.11287039142146743	0.057056166671601134	1.0506104208850022
-3.391739674593242	1.5228866116542665	0.10975097217133958	0.06108102495682038	1.0283276682465534
-3.3742177722152693	1.500332298266856	0.10668500572480195	0.06533406264944429	1.00588706650813
-3.3566958698372966	1.477724903794418	0.10367285486935601	0.0698236642063677	0.9833198657841995
-3.339173967459324	1.4551083715183633	0.10071482334556081	0.07455816831124479	0.9606568600074095
-3.321652065081352	1.432527084368482	0.09781115714636114	0.07954583533677302	0.9379283208880049
-3.3041301627033794	1.410025791078282	0.09496204586689902	0.08479481293162941	0.915163934991132
-3.2866082603254068	1.3876495279192613	0.0921676241009211	0.09031309978677504	0.8923927440938739
-3.269086357947435	1.3654435357766739	0.08942797287990174	0.09610850765075372	0.8696430889658285
-3.2515644555694623	1.3434531723433372	0.0867431211510275	0.10218862167901284	0.8469425566988112
-3.2340425531914896	1.3217238192271803	0.0841130472902194	0.1085607592180985	0.8243179316928054
-3.216520650813517	1.3003007837927958	0.08153768064640474	0.11523192714173383	0.80179515038675
-3.198998748435544	1.2792291955875323	0.0790169031133012	0.12220877787213599	0.7793992598042944
-3.1814768460575724	1.2585538972386836	0.07655055072502845	0.12949756423639067	0.757154379966282
-3.1639549436795997	1.2383193297502018	0.07413841527192387	0.1371040933241332	0.7350836702036222
-3.146433041301627	1.2185694121751507	0.07178024593301087	0.1450336795290475	0.7132092993864222
-3.1289111389236552	1.1993474156936064	0.06947575092163796	0.15329109697268145	0.6915524200678709
-3.1113892365456826	1.1806958321848975	0.06722459914089345	0.16188053152460358	0.6701331465245184
-3.09386733416771	1.1626562374475906	0.065026421845485	0.17080553264786616	0.64897053665831
-3.076345431789737	1.1452691492901366	0.06288081430686424	0.1800689653129605	0.6280825777100895
-3.0588235294117645	1.12857388078921	0.06078733747847634	0.18967296223674185	0.6074861757194013
-3.0413016270337927	1.112608389090903	0.0587455196581136	0.19961887671506748	0.5871971486512896
-3.02377972465582	1.0974091202114082	0.05675485814445816	0.20990723632894553	0.5672302230975014
-3.0062578222778473	1.0830108503780091	0.05481482088500853	0.22053769781367258	0.5475990344471194
-2.9887359198998755	1.0694465245371234	0.05292484811269504	0.23150900338864241	0.528316130410139
-2.971214017521903	1.0567470927429925	0.05108435396860481	0.24281893885202496	0.5093929777670066
-2.95369211514393	1.0449413452273564	0.049292728108355915	0.2544642937492589	0.4908399722076062
-2.9361702127659575	1.0340557470359477	0.04754933728977513	0.26644082392713975	0.47266645111460087
-2.918648310387985	1.0241142732008581	0.045853526939658384	0.2787432167860585	0.4548807091385629
-2.901126408010013	1.0151382454974809	0.04420462269751284	0.2913650595415988	0.4374900164057931
-2.8836045056320403	1.0071461719096075	0.04260193193430173	0.3042988108031146	0.42050063919424713
-2.8660826032540676	1.0001535899951415	0.04104474524433807	0.3175357757709905	0.40391786290853676
-2.848560700876096	0.9941729154064292	0.03953233790859346	0.33106608534603027	0.38774601718146207
-2.831038798498123	0.9892132968722336	0.038063971327813584	0.3448786794337015	0.37198850292707175
-2.8135168961201504	0.9852804789915984	0.03663889442395362	0.3589612947128222	0.3566478211687011
-2.7959949937421777	0.9823766742220882	0.0352563450085669	0.3733004571227018	0.34172560346481023
-2.778473091364205	0.9805004454650657	0.03391555111690205	0.3878814793047052	0.3272226437557551
-2.7609511889862333	0.9796466006577031	0.0326157323065815	0.4026884632138058	0.313138931455744
-2.7434292866082606	0.9798061007744175	0.03135610091985147	0.4177043080929486	0.2994736856161941
-2.725907384230288	0.9809659826185647	0.030135863308509286	0.43291072397803254	0.286225389989436
-2.708385481852316	0.9831092977478733	0.028954221020725104	0.44828825087421165	0.2733918288251392
-2.6908635794743434	0.9862150688237437	0.027810371949086796	0.46381628371504446	0.2609701232359747
-2.6733416770963707	0.9902582646048628	0.026703511439304634	0.47947310318501163	0.24895676797376698
-2.655819774718398	0.995209794719476	0.02563283335911585	0.4952359124532483	0.23734766846268474
-2.6382978723404253	1.0010365252481903	0.024597531127032272	0.5110808798321216	0.22613817794185773
-2.6207759699624535	1.0077013160306347	0.023596798700672838	0.5269831873388336	0.21532313457608088
-2.603254067584481	1.0151630804752079	0.022629831524517273	0.54291708510172	0.20489689839994413
-2.585732165206508	1.0233768685022209	0.021695827437010793	0.5588559515155863	0.19485338796777332
-2.5682102628285364	1.032293973087985	0.02079398753703615	0.5747723590126184	0.1851861165890651
-2.5506883604505637	1.041862060701909	0.019923517009855608	0.5906381452772872	0.17588822803667836
-2.533166458072591	1.0520253257419794	0.019083625912706476	0.6064244896956118	0.16695253162278542
-2.5156445556946183	1.0627246688775764	0.01827352992030973	0.6221019947914451	0.1583715365454546
-2.4981226533166456	1.0738978990043184	0.017492451030626386	0.6376407723653315	0.15013748541671013
-2.480600750938674	1.0854799583054622	0.016739618231264918	0.6530105340153591	0.14224238689090388
-2.463078848560701	1.0974031697004474	0.016014268127008558	0.6681806856845283	0.13467804732022665
-2.4455569461827285	1.1095975057457348	0.015315645528994082	0.6831204258457958	0.1274361013721171
-2.4280350438047567	1.1219908778385221	0.014643004006130035	0.6977988469044936	0.12050804155116604
-2.410513141426784	1.1345094443626396	0.013995606399397518	0.7121850393684315	0.11388524657582111
-2.3929912390488113	1.1470779362104755	0.013372725299726398	0.7262481983090671	0.10755900856774343
-2.3754693366708386	1.1596199979176425	0.012773643490185477	0.7399577316128851	0.10152055901899619
-2.357947434292866	1.1720585424607175	0.012197654353268257	0.753283369500779	0.09576109350936414
-2.340425531914894	1.1843161175952983	0.011644062244094276	0.766195274775071	0.09027179515295897
-2.3229036295369214	1.1963152814540456	0.011112182830380828	0.7786641532389948	0.08504385675983268
-2.3053817271589487	1.2079789849846372	0.010601343400071753	0.7906613637221823	0.08006850170460943
-2.287859824780977	1.2192309586876504	0.010110883137536983	0.8021590271381338	0.07533700350009431
-2.2703379224030042	1.229996101016183	0.009640153369281574	0.8131301339958716	0.07084070407945164
-2.2528160200250316	1.2402008657242	0.009188517780123846	0.8235486497881201	0.0665710307958306
-2.235294117647059	1.2497736454005104	0.008755352600819513	0.8333896176824827	0.06251951215324295
-2.217772215269086	1.2586451484010646	0.008340046768123803	0.8426292579501731	0.05867779228707581
-2.2002503128911144	1.2667487663947752	0.00794200205829482	0.8512450635789754	0.055037644216834575
-2.1827284105131417	1.274020929767747	0.007560633195049817	0.8592158915331449	0.05159098189755432
-2.165206508135169	1.2804014481879042	0.007195367932992348	0.8665220491428819	0.04832987109981159
-2.147684605757197	1.2858338337163537	0.006845647117530428	0.8731453751297161	0.045246539151387356
-2.1301627033792245	1.290265603962887	0.0065109247223069785	0.8790693148014312	0.04233338357640813
-2.112640801001252	1.2936485629200485	0.006190667865161713	0.8842789889809293	0.03958297967021881
-2.095118898623279	1.29593905727197	0.005884356803638724	0.8887612562674394	0.03698808705032224
-2.0775969962453065	1.2970982061592222	0.005591484911048113	0.8925047682654804	0.03454165522548239
-2.0600750938673347	1.2970921025875009	0.005311558634080858	0.89550001745674	0.032236828226527806
-2.042553191489362	1.2958919848939507	0.005044097432965673	0.8977393774322455	0.03006694834352658
-2.0250312891113893	1.2934743769280483	0.004788633705144116	0.8992171352465529	0.028025559014852996
-2.0075093867334175	1.289821195861626	0.0045447126934258526	0.8999295157018476	0.02610640691423164
-1.9899874843554448	1.2849198268121091	0.004311892379570303	0.8998746974174856	0.02430344328215514
-1.9724655819774721	1.2787631637414265	0.004089743364223791	0.8990528205892393	0.02261082454813662
-1.9549436795994994	1.271349616377339	0.003877848734122238	0.8974659863919894	0.021022912290087598
-1.9374217772215268	1.262683083190972	0.0036758039174501706	0.8951182480294202	0.01953427257673867
-1.919899874843555	1.2527728907510354	0.0034832165282253913	0.8920155934840873	0.01813967473844413
-1.9023779724655823	1.2416337000583573	0.0032997062005569646	0.888165920070602	0.01683408961095845
-1.8848560700876096	1.2292853807409634	0.0031249044136013216	0.883579000943296	0.015612687295859393
-1.8673341677096378	1.2157528542568279	0.0029584543080174467	0.8782664437571587	0.014470834480228286
-1.849812265331665	1.2010659075059136	0.002800010494698033	0.8722416417267821	0.013404091357008827
-1.8322903629536924	1.1852589784923346	0.002649238856528592	0.8655197173721114	0.012408208186161002
-1.8147684605757197	1.1683709158989921	0.0025058163439009656	0.8581174592816717	0.011479121535320163
-1.797246558197747	1.1504447146385428	0.002369430764682127	0.8500532522633254	0.010612950237186582
-1.7797246558197752	1.1315272296240557	0.002239780569313072	0.84134700128921	0.00980599109931141
-1.7622027534418025	1.1116688701584319	0.0021165746316862705	0.8320200496750548	0.009054714400331914
-1.7446808510638299	1.090923277472263	0.0019995320264239213	0.8220950919643639	0.008355759205053668
-1.727158948685858	1.069346988044057	0.0018883818031526656	0.8115960820147435	0.007705928529087676
-1.7096370463078854	1.046999085414055	0.0017828627583440831	0.8005481368068256	0.007102184382046407
-1.6921151439299127	1.02394084325266	0.0016827232052640765	0.7889774365156079	0.006541642716586291
-1.67459324155194	1.000235362466714	0.001587720742547892	0.7769111213995143	0.006021568308870749
-1.6570713391739673	0.9759472051218547	0.001497622021891767	0.764377186074019	0.0055393695943256665
-1.6395494367959955	0.9511420279273783	0.0014122025153264774	0.7514043717442115	0.005092593480874932
-1.6220275344180228	0.9258862179724265	0.0013312462825127202	0.7380220569742159	0.0046789201601871964
-1.6045056320400501	0.9002465333200635	0.0012545457384733655	0.7242601475709761	0.004296157935842139
-1.5869837296620783	0.8742897509603006	0.0011819014221530382	0.7101489661555812	0.0039422380857409315
-1.5694618272841057	0.8480823244961768	0.0011131217661714669	0.6957191419872008	0.0036152097745487163
-1.551939924906133	0.8216900537904476	0.0010480228681135513	0.681001501592925	0.0033132350304692446
-1.5344180225281603	0.7951777686363525	0.0009864282636759523	0.6660269607414756	0.0030345837992183937
-1.5168961201501876	0.768609028336723	0.0009281687019677058	0.6508264182801403	0.002777629086688753
-1.4993742177722158	0.7420458388835635	0.000873081923240465	0.6354306523325234	0.0025408422004819984
-1.4818523153942431	0.7155483892277767	0.0008210124393027237	0.6198702193300347	0.002322788099234433
-1.4643304130162704	0.6891748079184061	0.0007718113168518841	0.6041753563227726	0.0021221208574736953
-1.4468085106382986	0.6629809411750752	0.0007253359639380014	0.5883758869857396	0.0019375792526230156
-1.429286608260326	0.6370201532388873	0.0006814499197538656	0.5725011317045835	0.0017679824797148598
-1.4117647058823533	0.6113431496282414	0.0006400226479275156	0.5565798220914687	0.0016122259983876513
-1.3942428035043806	0.5859978237092078	0.0006009293334753433	0.5406400202465654	0.0014692775158179762
-1.3767209011264079	0.5610291267776668	0.0005640506835568581	0.5247090430443809	0.0013381731083862245
-1.359198998748436	0.5364789616443475	0.0005292727321556523	0.5088133916869363	0.0012180134840841413
-1.3416770963704634	0.5123860995162473	0.000496486648795368	0.49297868672801365	0.0011079603869484694
-1.3241551939924907	0.4887861197804894	0.0004655885513844201	0.4772296087346335	0.001007233144143606
-1.306633291614519	0.4657113721209666	0.0004364793232688272	0.46158984471382347	0.0009151053557167638
-1.2891113892365462	0.443190960235677	0.00040906443455887906	0.44608204039498767	0.000830901726510098
-1.2715894868585735	0.42125074627451825	0.00038325376778239805	0.43072775842097694	0.0007539950392333701
-1.2540675844806008	0.3999133749844393	0.00035896144790501395	0.4155474424645617	0.000683803267276263
-1.2365456821026282	0.3791983164320701	0.00033610567674631205	0.400560387251744	0.0006197868254695242
-1.2190237797246564	0.3591219260736135	0.0003146085718097165	0.38578471443934104	0.0005614459566862797
-1.2015018773466837	0.33969752085826294	0.00029439600953367294	0.3712373542618127	0.0005083182519072743
-1.183979974968711	0.32093546998474975	0.0002753974729620321	0.35693403283156566	0.0004599763011541203
-1.1664580725907392	0.30284329888060835	0.00025754590382246145	0.34288926494808064	0.00041602547252076117
-1.1489361702127665	0.2854258049401638	0.00024077755899327676	0.32911635224438934	0.0003761018164031605
-1.1314142678347938	0.26868518353948273	0.000225031871331239	0.31562738647475763	0.00033987009193858493
-1.1138923654568211	0.25262116284390956	0.0002102513148255445	0.30243325772499074	0.00030702191261657887
-1.0963704630788484	0.23723114593561656	0.00019638127403653717	0.2895436673067352	0.0002772740080120633
-1.0788485607008766	0.2225103588137616	0.0001833699177714557	0.27696714507945913	0.00025036659861470427
-1.061326658322904	0.20845200285739565	0.000171168076943862	0.26471107092856244	0.00022606188078617832
-1.0438047559449313	0.1950474103900599	0.0001597291265582217	0.25278170011528783	0.00020414261896623573
-1.0262828535669595	0.1822862020437975	0.0001490088717563968	0.2411841922037397	0.00018441084236793336
-1.0087609511889868	0.17015644468792124	0.00013896543785859311	0.22992264326240416	0.00016668664355046298
-0.9912390488110141	0.15864480876297934	0.00012955916432750328	0.2190001210319957	0.00015080707643307198
-0.9737171464330414	0.14773672394167955	0.00012075250258100832	0.20841870274818564	0.00013662515151420933
-0.9561952440550687	0.13741653212483396	0.00011250991757584723	0.1981795153067482	0.00012400892628498485
-0.9386733416770969	0.1276676368703651	0.00010479779308206616	0.18828277745974337	0.00011284068907382987
-0.9211514392991242	0.11847264844589445	9.758434056584775e-05	0.17872784373446984	0.00010301623482885294
-0.9036295369211516	0.10981352378925828	9.083951159645127e-05	0.16951324977194812	9.444423163451207e-05
-0.8861076345431798	0.10167170075533445	8.4534913691435e-05	0.16063675878845857	8.70456770687876e-05
-0.8685857321652071	0.09402822612084914	7.864372951311149e-05	0.15209540887209533	8.075344383498754e-05
-0.8510638297872344	0.08686387691038361	7.314063932823771e-05	0.14388556083619888	7.551191444749637e-05
-0.8335419274092617	0.08015927469576492	6.800174664226253e-05	0.13600294636276108	7.12767051121916e-05
-0.816020025031289	0.07389499260668711	6.320450691905092e-05	0.12844271618133982	6.801447931877075e-05
-0.7984981226533172	0.06805165487204584	5.872765929682652e-05	0.12119948804246651	6.57028520527256e-05
-0.7809762202753445	0.06261002878855858	5.4551161211116674e-05	0.11426739425886125	6.43303859380114e-05
-0.7634543178973718	0.05755110908529751	5.065612583575449e-05	0.10764012860282637	6.389668103628498e-05
-0.7459324155194	0.05285619471939691	4.7024762253426844e-05	0.10131099236379493	6.441256045359488e-05
-0.7284105131414274	0.048506958199158075	4.3640318267894694e-05	0.09527293938605898	6.59003543390789e-05
-0.7108886107634547	0.04448550758584311	4.048702577080097e-05	0.08951861992301342	6.839428530092954e-05
-0.693366708385482	0.040774441374521235	3.7550048576916576e-05	0.08404042316069928	7.194095871079607e-05
-0.6758448060075093	0.03735689649739346	3.481543264275695e-05	0.07883051827990004	7.659996181688496e-05
-0.6583229036295375	0.03421658973009415	3.2270058584699674e-05	0.07388089394238996	8.244457603604213e-05
-0.6408010012515648	0.03133785281267215	2.990159641404523e-05	0.0691833961030508	8.956260724354801e-05
-0.6232790988735921	0.028705661622459317	2.7698462407877483e-05	0.06472976406536775	9.805733932343368e-05
-0.6057571964956203	0.026305659756044035	2.564977803607743e-05	0.06051166471315784	0.00010804861667877275
-0.5882352941176476	0.024124176892367743	2.3745330866427715e-05	0.056520724866232115	0.00011967406182715357
-0.570713391739675	0.022148242318833895	2.1975537371392236e-05	0.05274856172193139	0.00013309043461765918
-0.5531914893617023	0.020365594007598332	2.0331407561861242e-05	0.04918681135805081	0.00014847513999804285
-0.5356695869837296	0.018764683630256778	1.8804511374911646e-05	0.04582715528553355	0.00016602789162980389
-0.5181476846057578	0.017334677896317218	1.738694674443259e-05	0.0426613450514002	0.00018597253898966802
-0.5006257822277851	0.016065456594528873	1.607130928529739e-05	0.039681224903665116	0.00020855906590318128
-0.4831038798498124	0.014947607706717539	1.4850663523626658e-05	0.03687875254044044	0.0002340657687239274
-0.4655819774718406	0.013972419951627563	1.37185156075635e-05	0.03424601797501422	0.00026280162259413923
-0.4480600750938679	0.013131873101777164	1.2668787434877844e-05	0.031775260557415315	0.0002951088443924821
-0.43053817271589523	0.01241862639985646	1.1695792135615803e-05	0.029458884200825902	0.0003313656610854782
-0.41301627033792254	0.011826005383091306	1.0794210849911199e-05	0.027289470868177894	0.0003719892922430746
-0.39549436795994986	0.011347987404600244	9.959070742975462e-06	0.025259792380394046	0.0004174391554481071
-0.37797246558197806	0.010979186120397942	9.185724201171775e-06	0.0233628206130089	0.0004682203032159082
-0.36045056320400537	0.010714835189647045	8.469829154955061e-06	0.02159173615236089	0.0005248870998353173
-0.3429286608260327	0.01055077141430141	7.807330476322035e-06	0.019939935486211983	0.0005880471462369834
-0.3254067584480609	0.010483417522667775	7.194442400252403e-06	0.01840103680654945	0.0006583654605802178
-0.3078848560700882	0.010509764779865326	6.627631921441093e-06	0.016968884504502266	0.0007365689217161302
-0.2903629536921155	0.010627355586882478	6.103603119409453e-06	0.015637552438792474	0.000823450982023219
-0.2728410513141428	0.010834266209095831	5.619282366843579e-06	0.014401346059982726	0.0009198766553125571
-0.25531914893617014	0.011129089754878526	5.171804377736902e-06	0.013254803473023661	0.0010267877845535694
-0.23779724655819834	0.011510919505415338	4.758499053608296e-06	0.012192695520286503	0.0011452085930692372
-0.22027534418022565	0.011979332678167264	4.376879087726294e-06	0.011210024966438713	0.0012762515215823103
-0.20275344180225296	0.012534374688675435	4.024628288891774e-06	0.010302024865228401	0.0014211233520529686
-0.18523153942428117	0.013176543958634856	3.6995905879144127e-06	0.009464156186530822	0.0015811316176259276
-0.16770963704630848	0.013906777302447746	3.399759691462289e-06	0.00869210477992877	0.0017576912961930298
-0.1501877346683358	0.01472643590982419	3.123269349466928e-06	0.007981777748688822	0.0019523317830699401
-0.1326658322903631	0.01563729192845183	2.8683842037274182e-06	0.0073292993053020415	0.002166704136077139
-0.11514392991239042	0.016641515638313217	2.633491186777697e-06	0.006731006176827344	0.002402588583900825
-0.09762202753441862	0.017741663197888145	2.4170914414583396e-06	0.006183442625144238	0.0026619022859864353
-0.08010012515644593	0.01894066493222297	2.217792732969559e-06	0.0056833551439319455	0.0029467073293839834
-0.06257822277847325	0.020241814123658726	2.0343023264749406e-06	0.005227686890779753	0.0032592189449202865
-0.04505632040050145	0.02164875625785994	1.8654203045753564e-06	0.004813571909332976	0.0036018139218213317
-0.02753441802252876	0.023165478670637275	1.7100333001807065e-06	0.004438329192824176	0.003977039196450944
-0.010012515644556075	0.024796300534878166	1.567108621473102e-06	0.004099456636759318	0.0043876205871768445
0.007509386733415724	0.02654586312164956	1.4356887467790892e-06	0.0037946249249495383	0.004836471643531182
0.0250312891113893	0.02841912026516997	1.3148861682519475e-06	0.0035216713895294648	0.005326702573809287
0.0425531914893611	0.03042132895782589	1.2038785643077044e-06	0.0032785938821014845	0.005861629211062863
0.060075093867332896	0.03255803999869157	1.1019042817606237e-06	0.003063544689713279	0.006444781973110451
0.07759699624530647	0.03483508861704374	1.0082581095679404e-06	0.0028748245260321868	0.007079914767723972
0.09511889862327827	0.037258584991124846	9.222873270178197e-07	0.002710876624836678	0.007771013789584801
0.11264080100125184	0.03983490458184672	8.433880100817888e-07	0.002570280959817704	0.00852230615095878
0.13016270337922364	0.04257067820119738	7.710015805032889e-07	0.0024517486116809456	0.009338268283344307
0.14768460575719544	0.045472781735811915	7.04611583007781e-07	0.002354116300672207	0.010223634042643117
0.16520650813516902	0.04854832544741671	6.437406767993617e-07	0.002276341099921383	0.011183402445713041
0.18272841051314082	0.051804642773667794	5.879478282535842e-07	0.0022174953424181406	0.012222844961538025
0.2002503128911144	0.05524927855522599	5.368256924279273e-07	0.002176761731998998	0.01334751227573057
0.2177722152690862	0.05888997661771182	4.899981716911803e-07	0.002153428666442703	0.014563240442705589
0.235294117647058	0.06273466664047656	4.471181404209976e-07	0.0021468857786373944	0.015876156335700553
0.25281602002503156	0.0667914502478321	4.0786532533726633e-07	0.0021566196998000072	0.017292682300890136
0.27033792240300336	0.07106858626254128	3.719443316275913e-07	0.0021822100468915796	0.01881953991823568
0.28785982478097516	0.07557447506592499	3.390828055818075e-07	0.002223325634680007	0.020463752768460547
0.30538172715894873	0.08031764201387842	3.0902972498583016e-07	0.0022797209113491774	0.02223264810271326
0.32290362953692053	0.08530671986341515	2.8155380903208627e-07	0.0023512326151364886	0.02413385730914039
0.34042553191489233	0.09055043017003563	2.564420399854852e-07	0.0024377766481938185	0.026175315068794905
0.3579474342928659	0.09605756362222177	2.334982893013355e-07	0.0025393451627041645	0.028365257092110414
0.3754693366708377	0.1018369592857142	2.125420413254719e-07	0.0026560038532419043	0.030712216326654503
0.3929912390488113	0.10789748273688476	1.9340720811836946e-07	0.0027878894484321733	0.03322501752708825
0.4105131414267831	0.11424800307144485	1.7594102933501402e-07	0.002935207394137285	0.03591277007925013
0.4280350438047549	0.12089736878198012	1.6000305146144757e-07	0.003098229719670305	0.03878485897215183
0.44555694618272845	0.12785438250525213	1.454641810585251e-07	0.00327729307789913	0.04185093381441594
0.46307884856070025	0.13512777464793657	1.322058069938968e-07	0.0034727969495541135	0.04512089579541496
0.4806007509386738	0.14272617590739461	1.2011898695571725e-07	0.0036852020015813946	0.04860488249609535
0.4981226533166456	0.15065808871216604	1.0910369383683518e-07	0.003915028588985096	0.05231325046023688
0.5156445556946174	0.1589318576151791	9.906811785684077e-08	0.004162855389271809	0.05625655544377761
0.533166458072591	0.16755563868104487	8.992802055241443e-08	0.004429318158340172	0.06044553026780097
0.5506883604505628	0.17653736791733204	8.160613701437803e-08	0.004715108596445785	0.06489106020991738
0.5682102628285346	0.1858847288082955	7.403162298360558e-08	0.005020973312709613	0.06960415587905583
0.5857321652065082	0.19560511901811586	6.713954363815221e-08	0.005347712876521546	0.07459592353011647
0.60325406758448	0.2057056163393238	6.087040111121172e-08	0.0056961809441179005	0.07987753278754829
0.6207759699624518	0.21619294397064515	5.5169697974551054e-08	0.006067283448576485	0.08546018176067076
0.6382978723404253	0.2270734352169252	4.99875341054849e-08	0.00646197784147131	0.0913550595484099
0.6558197747183971	0.2383529977121524	4.5278234527802533e-08	0.006881272374460891	0.0975733061470871
0.6733416770963707	0.2500370772747378	4.100000597897376e-08	0.00732622540914399	0.10412596979188164
0.6908635794743425	0.2621306215120853	3.7114620107983575e-08	0.00779794474360143	0.11102396178052373
0.7083854818523143	0.2746380432991767	3.358712135074961e-08	0.00829758694415553	0.1182780088466556
0.7259073842302879	0.28756318426312644	3.0385557663862515e-08	0.008826356671009573	0.12589860316992219
0.7434292866082597	0.30090927841262105	2.748073242275166e-08	0.00938550598658585	0.13389595013023808
0.7609511889862333	0.3146789160576267	2.4845975907834946e-08	0.00997633363555593	0.142279913934633
0.7784730913642051	0.32887400817069334	2.2456934912202156e-08	0.010600184285749388	0.1510599612664736
0.7959949937421769	0.3434957513466938	2.0291379107286342e-08	0.011258447719343612	0.1602451031286472
0.8135168961201504	0.35854459352260787	1.832902289926454e-08	0.011952557963966711	0.16984383507416975
0.8310387984981222	0.3740202006232103	1.655136159892078e-08	0.012683992353598432	0.17986407603964205
0.848560700876094	0.3899214243020217	1.4941520811804667e-08	0.013454270509424349	0.1903131060187552
0.8660826032540676	0.4062462709495989	1.3484118034064844e-08	0.014264953231085977	0.2011975028344477
0.8836045056320394	0.42299187214324885	1.2165135512650032e-08	0.015117641289080296	0.21252307828924413
0.9011264080100112	0.4401544567133875	1.0971803496973767e-08	0.01601397410939228	0.22429481399348072
0.9186483103879848	0.4577293246019819	9.892493072933036e-09	0.016955628341791942	0.23651679719033314
0.9361702127659566	0.4757108226879054	8.916617829623571e-09	0.01794431630360262	0.24919215691469868
0.9536921151439302	0.4940923227524576	8.034543664485337e-09	0.01898178429114218	0.2623230008397537
0.971214017521902	0.5128662017556748	7.237506084193286e-09	0.0200698107514546	0.2759103531801814
0.9887359198998737	0.5320238245906038	6.517534406607108e-09	0.021210204307397455	0.28995409403459027
1.0062578222778473	0.5515555294780635	5.867382313753822e-09	0.022404801629613696	0.30445290056109
1.0237797246558191	0.5714506161588837	5.28046424733723e-09	0.023655465149413572	0.31940419038938517
1.0413016270337927	0.591697337034022	4.750797176855678e-09	0.024964080607113356	0.3348040676797831
1.0588235294117645	0.6122828913952475	4.27294730625958e-09	0.026332554430921154	0.3506472722439662
1.0763454317897363	0.6331934228805246	3.841981318358422e-09	0.027762810942041936	0.3669271321443108
1.0938673341677099	0.654414020278475	3.4534217870786907e-09	0.029256789382270526	0.3836355201874706
1.1113892365456817	0.6759287217956901	3.1032064163239302e-09	0.030816440760976657	0.40076281472407427
1.1289111389236535	0.6977205228890763	2.7876507907544024e-09	0.032443724519046355	0.4182978651594062
1.146433041301627	0.7197713877527949	2.503414348424128e-09	0.03414060500802732	0.4362279625697654
1.1639549436795988	0.7420622645360071	2.247469308018135e-09	0.03590904778344466	0.4545388158059027
1.1814768460575706	0.7645731043533581	2.017072304548217e-09	0.03775101571199671	0.4732145334483477
1.1989987484355442	0.7872828841350281	1.8097385069086012e-09	0.039668464893104244	0.4922376119595333
1.216520650813516	0.8101696333474657	1.6232180087691368e-09	0.04166334039608507	0.5115889303545637
1.2340425531914896	0.8332104645994983	1.4554743009983938e-09	0.04373757181504512	0.531247751686163
1.2515644555694614	0.8563816081314095	1.3046646492578988e-09	0.04589306864441087	0.5511917316098194
1.2690863579474332	0.8796584501672161	1.169122214678016e-09	0.04813171547890152	0.571396934262768
1.2866082603254068	0.9030155750922935	1.0473397687044168e-09	0.050455367042608786	0.5918378556549597
1.3041301627033786	0.9264268114003597	9.379548653653495e-10	0.052865843052758	0.6124874547321186
1.3216520650813521	0.9498652813353216	8.39736345430313e-10	0.05536492292463762	0.6333171922303334
1.339173967459324	0.9733034541348075	7.515720572776548e-10	0.05795434032510008	0.6542970773985713
1.3566958698372957	0.9967132027636996	6.724576888248633e-10	0.06063577758298425	0.6753957226205851
1.3742177722152693	1.0200658640072806	6.014866136624975e-10	0.06341085996573637	0.6965804059207232
1.391739674593241	1.043332301775323	5.378406626241055e-10	0.06628114983245657	0.717817141289923
1.409261576971213	1.0664829734503616	4.807817394731676e-10	0.0692481406745405	0.7390707567186744
1.4267834793491865	1.08948799909565	4.2964420624204477e-10	0.07231325105601402	0.7603049797734148
1.4443053817271583	1.112317233321209	3.8382797006109526e-10	0.07547781846659533	0.7814825305021276
1.46182728410513	1.1349403395898336	3.4279220911114204e-10	0.0787430931014341	0.8025652214041331
1.4793491864831037	1.1573268667290644	3.06049680657707e-10	0.0821102315823678	0.8235140641485317
1.4968710888610754	1.179446327400227	2.731615590165414e-10	0.08558029063642067	0.8442893826760879
1.514392991239049	1.201268278261634	2.4373275579090576e-10	0.089154220748123	0.8648509322707467
1.5319148936170208	1.2227624015499645	2.1740767884260577e-10	0.09283285980303728	0.8851580241398601
1.5494367959949926	1.2438985877921493	1.9386639023948253e-10	0.09661692674068255	0.905169654997213
1.5669586983729662	1.2646470193493138	1.7282112688909257e-10	0.10050701523577459	0.9248446411000998
1.584480600750938	1.2849782544851378	1.5401315074590757e-10	0.10450358742741392	0.9441417561517645
1.6020025031289116	1.304863311643029	1.372098983906953e-10	0.108606967716505	0.963019872443656
1.6195244055068834	1.3242737536100013	1.2220240244705383e-10	0.1128173366522745	0.9814381045784754
1.6370463078848552	1.343181771240274	1.0880295974064396e-10	0.11713472492931767	0.9993559550855188
1.6545682102628287	1.3615602664081452	9.684302334010856e-11	0.12155900751705404	1.016733461214257
1.6720901126408005	1.379382933857962	8.61712976613064e-11	0.12608989794389683	1.0335313421710994
1.6896120150187723	1.3966243416189006	7.665201768410779e-11	0.13072694275877522	1.0497111460478965
1.707133917396746	1.4132600096537493	6.816339503780097e-11	0.13546951619289596	1.0652353956791418
1.7246558197747177	1.4292664864141784	6.059621527029768e-11	0.14031681504482163	1.08006773265841
1.7421777221526895	1.4446214229798915	5.385257204005936e-11	0.14526785381203755	1.094173058743249
1.759699624530663	1.45930364446561	4.784472526920926e-11	0.1503214600921747	1.1075176738816608
1.7772215269086349	1.47329321838816	4.2494071481938946e-11	0.15547627027698427	1.1200694101026547
1.7947434292866085	1.4865715196958271	3.773021563365596e-11	0.16073072556198442	1.1317977605279488
1.8122653316645803	1.4991212921736075	3.349013472212539e-11	0.1660830682944085	1.1426740027817641
1.829787234042552	1.5109267059511096	2.9717424370141754e-11	0.17153133868174117	1.1526713161008244
1.8473091364205256	1.5219734108543415	2.6361620387563732e-11	0.17707337188263053	1.1617648914767704
1.8648310387984974	1.5322485853586338	2.3377588065576528e-11	0.18270679550140836	1.169932034198301
1.882352941176471	1.541740980917261	2.0724972634164813e-11	0.18842902750677962	1.1771522582000797
1.8998748435544428	1.5504409614588741	1.836770493072724e-11	0.19423727459444443	1.1834073716695341
1.9173967459324146	1.5583405378666428	1.6273556888801135e-11	0.20012853101256883	1.188681553410973
1.9349186483103882	1.5654333972727683	1.4413741965916566e-11	0.20609957786800878	1.1929614195183884
1.95244055068836	1.5717149270237971	1.2762556093042335e-11	0.2121469829301305	1.196236079963724
1.9699624530663318	1.5771822331947678	1.129705514906536e-11	0.21826710094789117	1.1984971847657537
1.9874843554443054	1.5818341535534863	9.996765345971061e-12	0.22445607449454882	1.1997389594656112
2.005006257822277	1.5856712649001379	8.84342325729825e-12	0.230709835353018	1.1999582296980278
2.022528160200249	1.5886958847317718	7.820742537169468e-12	0.23702410645342414	1.199154434711946
2.0400500625782225	1.5909120672058363	6.91420466262246e-12	0.2433944043728453	1.1973296297599014
2.0575719649561943	1.5923255934018	6.110871290702208e-12	0.24981604240561292	1.1944884773419298
2.075093867334168	1.592943955904763	5.399216056232632e-12	0.2562841342108375	1.190638227356204
2.0926157697121397	1.592776337759746	4.7689738485622274e-12	0.2627935980420157	1.185788686274678
2.1101376720901115	1.5918335858699266	4.2110057978650435e-12	0.2693391615617659	1.1799521755271583
2.127659574468085	1.5901281789362485	3.7171783756238565e-12	0.27591536724279003	1.1731434793409834
2.145181476846057	1.5876741900595537	3.280255171379556e-12	0.2825165783542208	1.1653797823453553
2.1627033792240304	1.5844872441494202	2.893800050236015e-12	0.2891369855305011	1.156680597308864
2.1802252816020022	1.5805844703062166	2.552090524346701e-12	0.29577061391787357	1.147067683435494
2.197747183979974	1.5759844493642867	2.250040287943232e-12	0.30241133089150873	1.1365649556978459
2.2152690863579476	1.5707071568046391	1.9831299705558343e-12	0.30905285433416596	1.1251983857362524
2.2327909887359194	1.5647739012648372	1.747345257965662e-12	0.3156887614651861	1.1129958948983625
2.250312891113891	1.5582072588919134	1.5391216160794298e-12	0.3223124982064892	1.0999872400354145
2.267834793491865	1.551031003801002	1.355294930196883e-12	0.32891738907011964	1.0862038927085396
2.2853566958698366	1.543270034917818	1.193057441840526e-12	0.33549664754978975	1.0716789124906936
2.3028785982478084	1.534950299497128	1.0499184281563453e-12	0.34204338699679515	1.056446815077105
2.320400500625782	1.52609871362187	9.23669125526544e-13	0.34855063195860403	1.0405434359393024
2.3379224030037538	1.5167430799984691	8.123514500530131e-13	0.35501132995643636	1.024005790274644
2.3554443053817273	1.5069120033732017	7.142301135136704e-13	0.3614183636761925	1.00687193001483
2.372966207759699	1.496634803902114	6.277677747515957e-13	0.36776456354517245	0.9891807986631886
2.390488110137671	1.485941428812927	5.516029036709944e-13	0.37404272066524114	0.9709720847313701
2.4080100125156445	1.4748623627016628	4.845300684892789e-13	0.3802456000713128	0.9522860745418986
2.4255319148936163	1.463428536809258	4.2548238699256997e-13	0.38636595428239734	0.9331635051535838
2.44305381727159	1.4516712376243046	3.735159095948877e-13	0.39239653711089184	0.9136454181524489
2.4605757196495617	1.439622015157278	3.2779572630733723e-13	0.3983301176943293	0.8937730150318169
2.4780976220275335	1.4273125912291134	2.875836115529737e-13	0.40415949471249124	0.8735875148614833
2.495619524405507	1.4147747681129572	2.5222704036159844e-13	0.40987751075154477	0.8531300149181597
2.513141426783479	1.4020403378622706	2.2114942706680713e-13	0.4154770667757977	0.832441354917502
2.5306633291614506	1.389140992651284	1.9384145340608984e-13	0.42095113666671674	0.8115619854526116
2.5481852315394242	1.376108236445249	1.6985336707438172e-13	0.42629278178802676	0.7905318412052486
2.565707133917396	1.362973298307903	1.48788144465263e-13	0.43149516553506895	0.7693902194543354
2.583229036295368	1.3497670476422872	1.3029542269992313e-13	0.43655156782608284	0.748175664362194
2.6007509386733414	1.336519911648563	1.140661162250028e-13	0.4414553994927143	0.7269258574727536
2.618272841051313	1.3232617952688228	9.982764237648956e-14	0.44620021652687414	0.7056775148079399
2.6357947434292868	1.3100220038741888	8.733968846645743e-14	0.45077973414104533	0.6844662908991425
2.6533166458072586	1.2968291689339526	7.639046025022212e-14	0.455187840599254	0.6633266900405466
2.6708385481852304	1.2837111768899705	6.679335816117321e-14	0.45941861077625495	0.6422919850002856
2.688360450563204	1.2706951014424344	5.838403353871132e-14	0.46346631940292243	0.6213941433746878
2.7058823529411757	1.2578071394352934	5.101778229235834e-14	0.4673254539564938	0.6006637617202895
2.7234042553191493	1.2450725505112974	4.456723810661562e-14	0.4709907271551148	0.580130007548429
2.740926157697121	1.232515600687951	3.8920331454210455e-14	0.4744570890170897	0.5598205692184421
2.758448060075093	1.2201595099866016	3.3978484401816664e-14	0.4777197384463872	0.5397616137178703
2.7759699624530665	1.208026404227746	2.965501450899905e-14	0.4807741343072184	0.5199777522723499
2.7934918648310383	1.1961372710863283	2.5873724079764755e-14	0.48361600595195553	0.5004920136838925
2.81101376720901	1.1845119204815346	2.256765366448142e-14	0.48624136316824557	0.4813258252545797
2.8285356695869837	1.1731689493565083	1.9677981061805373e-14	0.4886465055128919	0.4624990011135233
2.8460575719649555	1.1621257108844523	1.715304916596367e-14	0.49082803100195377	0.44402973772830695
2.8635794743429273	1.1513982881189924	1.4947507871503762e-14	0.49278284412850343	0.42593461634838414
2.881101376720901	1.141001472088524	1.3021556909843416e-14	0.49450816318158974	0.40822861209719685
2.8986232790988726	1.1309487443165092	1.1340277971478265e-14	0.4960015268421884	0.39092510940205
2.916145181476846	1.121252263732567	9.873045784146075e-15	0.49726080003425066	0.37403592342629655
2.933667083854818	1.1119228579227245	8.593008988151567e-15	0.49828417901137506	0.35757132714718837
2.95118898623279	1.1029700186513414	7.476632691108577e-15	0.49907019566214555	0.3415400837046698
2.9687108886107634	1.0944019015722393	6.503295509651825e-15	0.49961772101974644	0.32594948363174825
2.986232790988735	1.0862253300323181	5.654934727746085e-15	0.4999259679641125	0.3108053865655253
3.0037546933667088	1.0784458028575854	4.915733931344971e-15	0.49999449310756194	0.296112267029648
3.0212765957446805	1.0710675059991064	4.271848127366418e-15	0.4998231978575867	0.2818732638737776
3.0387984981226523	1.0640933279048221	3.7111619302292546e-15	0.49941232865323604	0.26809023295335843
3.056320400500626	1.0575248784726874	3.2230769095680254e-15	0.49876247637429943	0.2547638026337096
3.0738423028785977	1.051362511430977	2.798324645358942e-15	0.4978745749252718	0.24189343170579472
3.0913642052565695	1.0456053499830564	2.428802437942548e-15	0.49674989899885047	0.22947746930699703
3.108886107634543	1.0402513155463677	2.10742897601983e-15	0.4953900610264616	0.21751321644864885
3.126408010012515	1.0352971594088012	1.82801758070415e-15	0.4937970073260287	0.2059969887626287
3.1439299123904867	1.0307384971200813	1.5851649226673823e-15	0.4919730134598633	0.1949241800920002
3.1614518147684603	1.026569845431239	1.3741533563594916e-15	0.4899206788181776	0.18428932656517893
3.178973717146432	1.0227846615916354	1.1908652337999976e-15	0.48764292044626706	0.17408617080921532
3.1964956195244056	1.0193753848103753	1.031707753740515e-15	0.48514296613587554	0.1643077259753322
3.2140175219023774	1.0163334796872407	8.935470729281985e-16	0.4824243468036534	0.15494633926868082
3.2315394242803492	1.0136494814174486	7.736505572929093e-16	0.4794908881818878	0.14599375469401396
3.249061326658323	1.0113130425746082	6.696361843928412e-16	0.47634670184887984	0.13744117474964632
3.2665832290362946	1.0093129812771051	5.794282263852743e-16	0.4729961756283978	0.12927932082326626
3.284105131414268	1.0076373305448265	5.012184469225907e-16	0.4694439633895712	0.12149849206480758
3.30162703379224	1.0062733886555242	4.3343213729062264e-16	0.465694974280414	0.1140886225335164
3.319148936170212	1.0052077703132323	3.7469839820890043e-16	0.4617543614298127	0.10703933643823828
3.3366708385481854	1.004426458444897	3.238241452496566e-16	0.4576275101543572	0.10034000131184519
3.354192740926157	1.0039148564457299	2.7977137890761944e-16	0.45332002570775826	0.09397977898226302
3.371714643304129	1.0036578406987124	2.4163731594828196e-16	0.4488377206118078	0.08794767422374125
3.3892365456821025	1.0036398131990691	2.086370276473306e-16	0.4441866016089127	0.08223258099264959
3.4067584480600743	1.0038447541203992	1.8008827367851653e-16	0.4393728562771174	0.0768233261720448
3.424280350438046	1.0042562741654062	1.5539825839484724e-16	0.4344028393492629	0.07170871076845756
3.4418022528160197	1.0048576665507791	1.3405206968254549e-16	0.42928305877850714	0.06687754852271192
3.4593241551939915	1.0056319584826805	1.156025899841407e-16	0.42402016159282196	0.062318701913984184
3.476846057571965	1.0065619619864723	9.966169495981125e-17	0.4186209195813085	0.05802111555270499
3.494367959949937	1.0076303239616617	8.589257800372026e-17	0.41309221485526165	0.05397384697326912
3.5118898623279087	1.0088195753405917	7.400305882466705e-17	0.40744102532678544	0.05016609485171757
3.5294117647058822	1.010112179237037	6.373975186562943e-17	0.4016744101475299	0.04658722468668639
3.546933667083854	1.0114905779785857	5.4882985763699363e-17	0.3957994951496846	0.04322679199383786
3.5644555694618276	1.0129372389244453	4.7242378596084185e-17	0.3898234583307871	0.04007456307477637
3.5819774718397994	1.0144346989780504	4.0652985544896097e-17	0.3837535154232023	0.03712053343107952
3.599499374217771	1.0159656077115737	3.497194604223607e-17	0.37759690558822656	0.03435494390252762
3.617021276595745	1.0175127690270769	3.007556660348149e-17	0.371360877273793	0.031768294615971866
3.6345431789737166	1.019059181286571	2.5856783575347125e-17	0.36505267427359356	0.02935135683750791
3.6520650813516884	1.0205880758506793	2.2222957052910365e-17	0.3586795220241624	0.027095182825792995
3.669586983729662	1.0220829539728407	1.9093953376622534e-17	0.3522486141750983	0.02499111378849479
3.6871088861076338	1.0235276220030727	1.6400479012347307e-17	0.34576709946608647	0.023030786047016884
3.7046307884856056	1.0249062248622027	1.408263333805286e-17	0.3392420689427818	0.0212061355168792
3.722152690863579	1.02620327775413	1.2088651992068489e-17	0.33268054354193616	0.01950940061249822
3.739674593241551	1.027403696090133	1.0373816052077997e-17	0.3260894620743581	0.017933123685645185
3.7571964956195245	1.0284928236054232	8.899505474872232e-18	0.3194756696324356	0.016470151106647363
3.7747183979974963	1.0294564586540909	7.632377990226031e-18	0.31284590644705323	0.015113632096488963
3.792240300375468	1.0302808786742739	6.543657057218278e-18	0.30620679721672167	0.013857016416414965
3.8097622027534417	1.030952862820789	5.608514601097838e-18	0.2995648409297459	0.012694051019529648
3.8272841051314135	1.0314597127676115	4.805536091288795e-18	0.29292640119817065	0.011618775766249305
3.844806007509387	1.0317892716874588	4.116257129652304e-18	0.2862976971201503	0.010625518302392
3.862327909887359	1.0319299414203196	3.5247621218867505e-18	0.27968479468530044	0.009708888195224887
3.8798498122653307	1.0318706978471033	3.0173368295833838e-18	0.2730935987354323	0.00886377041898664
3.8973717146433042	1.0316011044886197	2.5821676684576684e-18	0.26652984549098613	0.008085318277335746
3.914893617021276	1.031111324353887	2.2090815493409807e-18	0.25999909565134366	0.007368945845877113
3.932415519399248	1.0303921300652785	1.8893208699262493e-18	0.25350672807510777	0.006710320013453644
3.9499374217772214	1.0294349122912827	1.6153489721428691e-18	0.2470579340443854	0.006105352196301433
3.967459324155193	1.0282316865206533	1.3806819956371553e-18	0.24065771211505918	0.005550189794495157
3.984981226533165	1.0267750982144948	1.1797435937597011e-18	0.23431086355304226	0.005041207455402681
4.002503128911139	1.0250584263753522	1.0077394448577016e-18	0.22802198835458573	0.004574998204160968
4.02002503128911	1.0230755855746827	8.605488974156466e-19	0.2217954818468061	0.004148364496509196
4.037546933667084	1.0208211264821598	7.346314404491226e-19	0.2156355318627784	0.0037583092447060307
4.055068836045056	1.0182902349421392	6.269459973176353e-19	0.20954611648380972	0.003402026862742974
4.0725907384230275	1.0154787296442864	5.348813077133255e-19	0.20353100233979662	0.0030768943726644355
4.090112640801001	1.0123830584368485	4.561958941844617e-19	0.19759374345700695	0.002780462609546796
4.107634543178973	1.0090002933323503	3.889663106858678e-19	0.1917376806410922	0.002510447558583726
4.1251564455569465	1.00532812425662	3.3154254526202316e-19	0.1859659413817139	0.0022647218537930887
4.142678347934918	1.001364851593027	2.825096005062073e-19	0.18028144026385598	0.002041306464114274
4.16020025031289	0.9971093775745963	2.406544069038922e-19	0.17468687986962733	0.0018383625891092196
4.177722152690864	0.9925611965773632	2.0493733818133704e-19	0.1691847521532524	0.0016541837831292744
4.1952440550688355	0.9877203843688236	1.7446769662206982e-19	0.16377734027088875	0.0014871883236619854
4.212765957446807	0.9825875863657507	1.4848262197467943e-19	0.15846672084597305	0.00133591183663387
4.230287859824781	0.9771640049559166	1.26328951786794e-19	0.15325476664997797	0.001199000188716474
4.247809762202753	0.9714513859384174	1.0744762527014062e-19	0.14814314967771197	0.0010752026541618505
4.265331664580724	0.965452004137336	9.136027844304649e-20	0.14313334459566468	0.00096336536137855
4.282853566958698	0.9591686482434476	7.765772645122807e-20	0.13822663254138423	0.0008624250223461864
4.30037546933667	0.9526046049385031	6.599007062819988e-20	0.13342410525143	0.0007714029460493471
4.317897371714643	0.9457636423563827	5.605820388660176e-20	0.12872666949511322	0.0006893993353849028
4.335419274092615	0.9386499929351104	4.760651918134691e-20	0.12413505179102248	0.0006155878654534769
4.352941176470587	0.9312683357132713	4.04166527064216e-20	0.11964980338316591	0.0005492105397766609
4.370463078848561	0.9236237781239257	3.4302116745645644e-20	0.11527130545354147	0.0004895728197802621
4.387984981226532	0.9157218373385293	2.9103697184862115e-20	0.11099977454797291	0.00043603902183930477
4.405506883604506	0.9075684212127378	2.4685508035465423e-20	0.1068352681921781	0.00038802797528495023
4.423028785982478	0.8991698088853041	2.0931610286704417e-20	0.10277769067526177	0.0003450089340169945
4.4405506883604495	0.8905326310804688	1.774311531759449e-20	0.09882679897808908	0.0003064977337381615
4.458072590738423	0.8816638501634715	1.5035704236671838e-20	0.09498220882438421	0.0002720531863194301
4.475594493116395	0.8725707399978951	1.2737504120111726e-20	0.0912434008328137	0.0002412737024086446
4.493116395494367	0.8632608656526166	1.0787270394705396e-20	0.08760972674881462	0.00021379413309897
4.51063829787234	0.8537420630051729	9.13283174258509e-21	0.08408041573549649	0.00018928282127016977
4.528160200250312	0.8440224182872755	7.729760045852139e-21	0.08065458070354882	0.00016743885309505535
4.545682102628284	0.8341102476171128	6.540233176821994e-21	0.07733122466075398	0.0001479895001576426
4.5632040050062574	0.8240140765619551	5.5320629905564575e-21	0.07410924706242597	0.00013068784265033806
4.580725907384229	0.8137426197733636	4.6778647919757496e-21	0.07098745014483993	0.00011531056419687338
4.598247809762203	0.8033047607360573	3.9543479176829484e-21	0.06796454522450798	0.00010165590897870306
4.615769712140175	0.7927095316702485	3.3417099683311024e-21	0.06503915894699054	8.954179201811646e-05
4.633291614518146	0.7819660936258757	2.8231197162477428e-21	0.062209839469763495	7.880405368487287e-05
4.65081351689612	0.7710837168058492	2.3842758515412196e-21	0.059475062564551075	6.929484973894031e-05
4.668335419274092	0.7600717611539937	2.0130305667275717e-21	0.05683323762541257	6.0881168494143593e-05
4.685857321652065	0.7489396572419189	1.6990685570704758e-21	0.054282713569773065	5.34434669812051e-05
4.703379224030037	0.7376968874876251	1.4336333675621987e-21	0.05182178462051083	4.687441829914739e-05
4.720901126408009	0.7263529677370733	1.2092941790381349e-21	0.04944869595811294	4.107776266691881e-05
4.7384230287859825	0.7149174292384811	1.0197471222600787e-21	0.047161649232843474	3.5967255018779155e-05
4.755944931163954	0.703399801037498	8.596460631260117e-22	0.04495880792777068	3.146570232380511e-05
4.773466833541926	0.6918095928198292	7.244585344655085e-22	0.04283830256440744	2.750408414891047e-05
4.7909887359199	0.680156278226295	6.103431173732946e-22	0.04079823574361967	2.402075032328592e-05
4.8085106382978715	0.6684492786636547	5.140451125350225e-22	0.03883668701533294	2.0960689897747125e-05
4.826032540675843	0.656697947632876	4.328078022599661e-22	0.03695171757143229	1.827486592314597e-05
4.843554443053817	0.6449115555949048	3.6429699792031535e-22	0.0351413747571006	1.591961089596746e-05
4.861076345431789	0.633099275392289	3.065369046344834e-22	0.03340369639665675	1.385607803502069e-05
4.878598247809762	0.6212701682433354	2.5785562342711734e-22	0.03173671493075365	1.2049743859522362e-05
4.896120150187734	0.6094331703238391	2.1683885771481573e-22	0.03013846136257191	1.0469957834881228e-05
4.913642052565706	0.5975970799496848	1.8229060178376312e-22	0.02860696901137735	9.089535137296555e-06
4.931163954943679	0.585770545372006	1.5319976908030618e-22	0.027140277072531176	7.884388861343588e-06
4.948685857321651	0.5739620531948867	1.2871187203437314e-22	0.02573643398371434	6.833198255558782e-06
4.966207759699625	0.5621799174239256	1.0810499656117134e-22	0.024393500597773995	5.917109819417968e-06
4.983729662077597	0.5504322691523946	9.076942658234057e-23	0.023109553163216133	5.119468330875693e-06
5.001251564455568	0.5387270468900224	7.619036965462795e-23	0.021882686113936962	4.4255750967722974e-06
5.018773466833542	0.527071987537912	6.393331647653351e-23	0.020711014670333806	3.8224709290240804e-06
5.036295369211514	0.5154746180114748	5.363163670316205e-23	0.019592677254435552	3.29874154773895e-06
5.053817271589486	0.5039422475117233	4.497607288651151e-23	0.0185258377221613	2.844343298510195e-06
5.071339173967459	0.49248196044378423	3.7705844970319235e-23	0.017508687416250085	2.450447245435468e-06
5.088861076345431	0.4811006099799803	3.1601120887398926e-23	0.016539447043796774	2.1092998642503933e-06
5.106382978723403	0.4698048122633958	2.647664553011259e-23	0.015616368382688508	1.8140987117590269e-06
5.123904881101376	0.4586009412464749	2.2176351629464495e-23	0.0147377358215623	1.5588815889251803e-06
5.141426783479348	0.4474951241578177	1.8568802687380593e-23	0.013901867738190242	1.3384278460128086e-06
5.158948685857322	0.43649323758904013	1.5543340745790946e-23	0.01310711772145329	1.1481705995117456e-06
5.1764705882352935	0.4256009041923489	1.3006831030963094e-23	0.01235187564228827	9.841187427424545e-07
5.193992490613265	0.4148234899782261	1.0880911882474294e-23	0.011634568579176817	8.427877354874783e-07
5.211514392991239	0.40416610220153537	9.099672290572246e-24	0.010953661603906154	7.211382532451851e-07
5.229036295369211	0.39363358782323954	7.607691188033928e-24	0.010307658433455616	6.165218642229885e-07
5.246558197747184	0.3832305325338983	6.3583826841773806e-24	0.009695101953960623	5.266329824653958e-07
5.264080100125156	0.37296126032418636	5.3125999547767085e-24	0.009114574622777672	4.4946641901179996e-07
5.281602002503128	0.3628298335867175	4.4374577385306325e-24	0.00856469875471379	3.8327992015353177e-07
5.299123904881101	0.35284005373268285	3.705339531338956e-24	0.008044136698505438	3.265611431483345e-07
5.316645807259073	0.3429954623060056	3.0930607782386125e-24	0.007551590909623972	2.7799857557281397e-07
5.334167709637045	0.3332993425770128	2.581163779438428e-24	0.007085803925457415	2.3645595525280866e-07
5.351689612015019	0.32375472159701846	2.1533237706310307e-24	0.006645558248870706	2.009497937916701e-07
5.36921151439299	0.31436437269461165	1.7958488100912012e-24	0.006229676146077345	1.7062964848041597e-07
5.386733416770962	0.3051308183939477	1.4972587923078507e-24	0.005837019364669499	1.447608251663508e-07
5.404255319148936	0.29605633373492946	1.2479311834536613e-24	0.005466488777552571	1.22709228802038e-07
5.4217772215269076	0.2871429499747723	1.0398030002920242e-24	0.005117023958411497	1.0392810919856193e-07
5.439299123904881	0.2783924586501473	8.66120184217143e-25	0.004787602694205544	8.794647725138209e-08
5.456821026282853	0.2698064159788919	7.212269011032716e-25	0.004477240440046246	7.435899185951423e-08
5.474342928660825	0.26138614758005624	6.003884637924317e-25	0.004184989721657648	6.281714016697553e-08
5.491864831038798	0.25313275349099834	4.9964255989859595e-25	0.003909939490456396	5.302155384954107e-08
5.50938673341677	0.2450471134601615	4.156743007439688e-25	0.003651214436116641	4.4715322162598275e-08
5.526908635794744	0.2371298924941835	3.4571131109236e-25	0.003407974261306338	3.7678178554080394e-08
5.5444305381727155	0.2293815466380924	2.874356737688462e-25	0.0031794129230984136	3.1721452011375436e-08
5.561952440550687	0.22180232896742627	2.3891004509757293e-25	0.00296475784536991	2.6683687119260673e-08
5.579474342928661	0.21439229577134508	1.985156806295595e-25	0.0027632691063114983	2.2426848210363376e-08
5.596996245306633	0.2071513129060124	1.6490046796676167e-25	0.0025742386049740808	1.8833033130152655e-08
5.614518147684604	0.20007906229781502	1.3693536486612473e-25	0.002396989210583076	1.58016311429449e-08
5.632040050062578	0.19317504857634313	1.1367789490563044e-25	0.002230873898154749	1.3246867490350639e-08
5.64956195244055	0.1864386058174156	9.434156715836769e-26	0.0020752748737518146	1.1095684184939049e-08
5.667083854818522	0.1798689043768583	7.827026676679236e-26	0.001929602692520263	9.285912875958563e-09
5.684605757196495	0.17346495779622867	6.491681529510884e-26	0.0017932953724560821	7.764701147887436e-09
5.702127659574467	0.16722562976215688	5.382502770912926e-26	0.0016658175066590587	6.4871584852967146e-09
5.719649561952441	0.1611496411015152	4.461470054866684e-26	0.0015466593766428635	5.4151924302119e-09
5.737171464330412	0.1552355767952117	3.6969056493308674e-26	0.001435336069086783	4.516509235059804e-09
5.754693366708384	0.1494818929939691	3.062424676103644e-26	0.0013313865982336579	3.7637566331091076e-09
5.772215269086358	0.14388692402010228	2.536057688639261e-26	0.001234373035963826	3.1337892609616014e-09
5.7897371714643295	0.138448889339933	2.0995175312958098e-26	0.0011438796514039984	2.6070398205983793e-09
5.807259073842303	0.13316590049214583	1.7375869517853234e-26	0.0010595120617650526	2.1669813033836484e-09
5.824780976220275	0.128035967958089	1.4376072425228852e-26	0.0009808963959437055	1.7996675524717055e-09
5.842302878598247	0.12305700796069123	1.189051380930154e-26	0.0009076784722691171	1.49334114643719e-09
5.85982478097622	0.1182268491794051	9.831678203402252e-27	0.000839522991628751	1.2380990752340348e-09
5.877346683354192	0.11354323936928112	8.126833335271749e-27	0.0007761127470665161	1.0256079760689873e-09
5.894868585732164	0.10900385187300779	6.715551987648856e-27	0.0007171478508117484	8.488618248129805e-10
5.9123904881101375	0.1046062920154887	5.54764601568402e-27	0.0006623449795697464	7.019759588684345e-10
5.929912390488109	0.10034810337124374	4.581444526018301e-27	0.0006114366387828651	5.800121582961533e-10
5.947434292866081	0.09622677389565248	3.782359346474004e-27	0.0005641704464563267	4.788302496859747e-10
5.964956195244055	0.0922397419117911	3.1216902351099917e-27	0.0005203084370346106	3.9496233603707946e-10
5.982478097622026	0.08838440194532177	2.5756300829503916e-27	0.0004796263857122677	3.255063084021423e-10
6.0	0.08465811040060517	2.1244368998716383e-27	0.000441913153467525	2.6803577234437897e-10
