# wavenumber_cm-1	transmittance_%
400	100.081
401.801	99.8143
403.602	100.055
405.403	100.761
407.204	100.352
409.005	99.9133
410.805	99.8428
412.606	99.1416
414.407	100.32
416.208	100.236
418.009	99.8364
419.81	99.5699
421.611	99.6527
423.412	100.132
425.213	99.9721
427.014	100.206
428.814	100.024
430.615	100.288
432.416	100.109
434.217	100.246
436.018	99.3697
437.819	99.6257
439.62	99.8859
441.421	100.318
443.222	100.557
445.023	99.9425
446.823	99.8067
448.624	99.4019
450.425	100.245
452.226	99.8186
454.027	100.868
455.828	99.7555
457.629	100.605
459.43	100.193
461.231	99.655
463.032	100.027
464.832	100.182
466.633	99.8746
468.434	100.184
470.235	100.167
472.036	100.089
473.837	99.8913
475.638	99.5281
477.439	99.8397
479.24	99.8954
481.041	99.2571
482.841	99.8451
484.642	99.7365
486.443	99.3443
488.244	99.5974
490.045	99.5635
491.846	100.191
493.647	99.6285
495.448	99.8182
497.249	99.411
499.05	98.817
500.85	99.5068
502.651	99.0264
504.452	99.0342
506.253	98.7217
508.054	98.9534
509.855	99.1359
511.656	98.9711
513.457	99.0317
515.258	98.9281
517.059	97.6386
518.859	97.7252
520.66	97.3597
522.461	97.8981
524.262	97.2941
526.063	97.1357
527.864	96.9847
529.665	96.9181
531.466	96.0979
533.267	95.8924
535.068	95.9836
536.868	96.0427
538.669	95.3622
540.47	94.8064
542.271	94.0614
544.072	94.6419
545.873	93.7747
547.674	93.2806
549.475	92.7303
551.276	92.4251
553.077	92.1734
554.877	91.9894
556.678	91.2932
558.479	91.3035
560.28	90.7644
562.081	91.0957
563.882	89.5106
565.683	89.6669
567.484	89.2727
569.285	88.5209
571.086	88.4774
572.886	88.3097
574.687	87.7508
576.488	87.7951
578.289	86.4012
580.09	86.495
581.891	86.9036
583.692	86.4699
585.493	86.1169
587.294	86.108
589.095	84.9723
590.895	85.6223
592.696	85.5673
594.497	84.9437
596.298	85.8529
598.099	85.0758
599.9	84.3422
601.701	85.1279
603.502	84.8414
605.303	85.4807
607.104	85.3991
608.904	85.1877
610.705	85.9784
612.506	85.9974
614.307	85.6811
616.108	86.1226
617.909	86.5856
619.71	86.6055
621.511	86.9191
623.312	87.3538
625.113	87.3633
626.913	87.3686
628.714	88.4789
630.515	88.1905
632.316	88.8788
634.117	89.0425
635.918	89.4824
637.719	90.5117
639.52	90.7261
641.321	91.1248
643.122	91.2159
644.922	91.8194
646.723	92.5305
648.524	92.7976
650.325	93.449
652.126	93.8725
653.927	93.8791
655.728	93.7609
657.529	94.4405
659.33	94.9776
661.131	95.1013
662.931	95.3325
664.732	95.9714
666.533	96.968
668.334	96.3673
670.135	96.7743
671.936	96.6293
673.737	97.6303
675.538	97.7407
677.339	97.9279
679.14	98.2892
680.94	97.9356
682.741	98.1434
684.542	98.9058
686.343	98.73
688.144	98.0109
689.945	98.9394
691.746	98.7448
693.547	99.2957
695.348	99.2469
697.149	98.6922
698.949	99.3771
700.75	99.4344
702.551	99.5483
704.352	99.6735
706.153	100.005
707.954	99.7311
709.755	99.6591
711.556	100.037
713.357	100.402
715.158	100.037
716.958	99.8531
718.759	99.947
720.56	99.917
722.361	99.8662
724.162	100.528
725.963	99.6699
727.764	100.255
729.565	99.8832
731.366	99.4876
733.167	99.8847
734.967	99.7854
736.768	100.13
738.569	99.9902
740.37	99.6616
742.171	100.414
743.972	100.304
745.773	100.456
747.574	100.054
749.375	99.9751
751.176	100.199
752.976	99.8166
754.777	100.03
756.578	99.94
758.379	99.5555
760.18	100.033
761.981	99.8632
763.782	99.9234
765.583	100.106
767.384	100.379
769.185	99.7428
770.985	99.8967
772.786	99.7683
774.587	99.7489
776.388	99.8197
778.189	99.9391
779.99	100.174
781.791	100.094
783.592	99.6807
785.393	100.386
787.194	100.281
788.994	99.7267
790.795	100.364
792.596	100.094
794.397	99.9489
796.198	100.103
797.999	99.987
799.8	100.158
801.601	100.05
803.402	99.8912
805.203	99.3837
807.004	100.149
808.804	99.877
810.605	100.221
812.406	100.131
814.207	99.8802
816.008	100.289
817.809	100.042
819.61	100.027
821.411	99.9339
823.212	100.477
825.013	99.7551
826.813	99.8686
828.614	99.5901
830.415	100.175
832.216	99.7771
834.017	99.8053
835.818	99.7851
837.619	99.9522
839.42	99.5508
841.221	99.2448
843.022	100.046
844.822	99.2648
846.623	100.144
848.424	100.344
850.225	99.8137
852.026	100.239
853.827	99.8257
855.628	100.296
857.429	99.6603
859.23	99.0672
861.031	99.7305
862.831	100.243
864.632	99.8644
866.433	99.5207
868.234	99.7429
870.035	99.9018
871.836	99.5483
873.637	100.322
875.438	99.3366
877.239	99.7464
879.04	99.6245
880.84	99.1323
882.641	99.1572
884.442	99.5278
886.243	99.199
888.044	99.1854
889.845	98.5163
891.646	99.1215
893.447	98.9228
895.248	98.7232
897.049	98.7501
898.849	98.4117
900.65	98.2425
902.451	98.2257
904.252	98.0295
906.053	98.6853
907.854	98.1586
909.655	97.4397
911.456	98.1771
913.257	97.2629
915.058	97.2182
916.858	97.2851
918.659	96.2208
920.46	96.5257
922.261	96.1986
924.062	96.1944
925.863	95.9942
927.664	95.5983
929.465	95.3101
931.266	95.3798
933.067	94.8508
934.867	94.4596
936.668	94.165
938.469	94.3312
940.27	93.4784
942.071	92.9044
943.872	92.1043
945.673	91.851
947.474	91.7312
949.275	91.4149
951.076	90.8428
952.876	90.6629
954.677	89.9214
956.478	89.3384
958.279	89.3039
960.08	89.0252
961.881	87.7638
963.682	87.6382
965.483	86.4507
967.284	86.0255
969.085	85.7258
970.885	85.6672
972.686	84.5076
974.487	83.9018
976.288	83.5546
978.089	82.9444
979.89	82.0806
981.691	82.2891
983.492	80.9857
985.293	80.4677
987.094	79.6784
988.894	79.2945
990.695	78.8959
992.496	78.3878
994.297	77.025
996.098	76.9517
997.899	76.1582
999.7	75.6629
1001.5	74.7267
1003.3	74.0898
1005.1	73.8275
1006.9	73.2445
1008.7	72.8509
1010.51	71.877
1012.31	71.2359
1014.11	69.9963
1015.91	69.7341
1017.71	69.6006
1019.51	68.9092
1021.31	69.0251
1023.11	67.9508
1024.91	67.7792
1026.71	67.4006
1028.51	67.5351
1030.32	66.6514
1032.12	66.6565
1033.92	66.2938
1035.72	66.2486
1037.52	66.0042
1039.32	65.5401
1041.12	64.8723
1042.92	65.1732
1044.72	65.1292
1046.52	65.1445
1048.32	64.7924
1050.13	65.3423
1051.93	65.0221
1053.73	64.7913
1055.53	65.0108
1057.33	65.8387
1059.13	65.6021
1060.93	65.8905
1062.73	65.4666
1064.53	65.805
1066.33	66.0687
1068.13	66.6179
1069.93	66.8273
1071.74	67.076
1073.54	67.4827
1075.34	67.7475
1077.14	68.3492
1078.94	69.1773
1080.74	68.851
1082.54	69.8909
1084.34	70.7022
1086.14	70.7525
1087.94	71.1847
1089.74	72.1722
1091.55	72.1653
1093.35	73.0324
1095.15	73.3174
1096.95	73.6689
1098.75	74.7938
1100.55	75.0776
1102.35	76.0768
1104.15	77.0436
1105.95	77.898
1107.75	78.0052
1109.55	78.9197
1111.36	79.3707
1113.16	79.7723
1114.96	79.9441
1116.76	81.6407
1118.56	81.4653
1120.36	82.8171
1122.16	83.1796
1123.96	83.3352
1125.76	84.3234
1127.56	85.463
1129.36	85.868
1131.17	85.8278
1132.97	86.3319
1134.77	87.1283
1136.57	87.5899
1138.37	88.5286
1140.17	88.9073
1141.97	88.6817
1143.77	89.8177
1145.57	90.1037
1147.37	90.6323
1149.17	91.1458
1150.98	91.8667
1152.78	92.2224
1154.58	92.1121
1156.38	92.7133
1158.18	92.9761
1159.98	92.972
1161.78	93.7957
1163.58	94.7202
1165.38	93.9779
1167.18	94.7955
1168.98	95.084
1170.79	95.4724
1172.59	95.3697
1174.39	95.4911
1176.19	95.753
1177.99	96.802
1179.79	96.3325
1181.59	96.6909
1183.39	97.6748
1185.19	97.0152
1186.99	97.5201
1188.79	97.9087
1190.6	98.057
1192.4	97.5064
1194.2	97.8367
1196	98.2779
1197.8	98.8943
1199.6	98.2079
1201.4	98.4017
1203.2	98.782
1205	98.9418
1206.8	99.0533
1208.6	98.6826
1210.41	98.8585
1212.21	99.1588
1214.01	99.5439
1215.81	99.1597
1217.61	99.2861
1219.41	99.0422
1221.21	99.962
1223.01	99.4986
1224.81	99.8213
1226.61	99.5491
1228.41	99.6048
1230.22	99.1653
1232.02	99.0034
1233.82	100.055
1235.62	99.7311
1237.42	99.7957
1239.22	99.3829
1241.02	99.5087
1242.82	100.119
1244.62	100.34
1246.42	99.6489
1248.22	100.052
1250.03	99.9219
1251.83	99.8416
1253.63	100.445
1255.43	99.7644
1257.23	100.282
1259.03	100.033
1260.83	99.922
1262.63	100.346
1264.43	100.028
1266.23	99.9181
1268.03	100.366
1269.83	100.332
1271.64	100.322
1273.44	98.7996
1275.24	100.102
1277.04	100.036
1278.84	99.9653
1280.64	100.161
1282.44	100.059
1284.24	100.186
1286.04	99.9044
1287.84	100.436
1289.64	100.222
1291.45	100.152
1293.25	100.139
1295.05	100.339
1296.85	100.299
1298.65	99.9596
1300.45	100.291
1302.25	100.047
1304.05	100.571
1305.85	100.325
1307.65	99.8089
1309.45	100.696
1311.26	99.3667
1313.06	100.189
1314.86	99.7891
1316.66	100.563
1318.46	100.074
1320.26	99.7605
1322.06	99.9189
1323.86	99.7848
1325.66	99.9074
1327.46	99.9006
1329.26	99.774
1331.07	100.08
1332.87	100.117
1334.67	99.7007
1336.47	99.5021
1338.27	100.093
1340.07	100.159
1341.87	100.219
1343.67	100.165
1345.47	100.472
1347.27	100.299
1349.07	100.804
1350.88	100.93
1352.68	99.4725
1354.48	99.3408
1356.28	99.9977
1358.08	100.151
1359.88	99.9772
1361.68	100.211
1363.48	99.9189
1365.28	99.7918
1367.08	99.8371
1368.88	99.9399
1370.69	100.253
1372.49	99.8539
1374.29	99.9132
1376.09	100.171
1377.89	99.9403
1379.69	100.335
1381.49	99.724
1383.29	99.6589
1385.09	100.091
1386.89	100.121
1388.69	99.7402
1390.5	100.403
1392.3	100.577
1394.1	99.8112
1395.9	100.446
1397.7	99.2847
1399.5	100.322
1401.3	99.7418
1403.1	100.292
1404.9	99.7104
1406.7	99.9781
1408.5	99.7553
1410.31	99.9339
1412.11	100.547
1413.91	99.965
1415.71	100.63
1417.51	99.8807
1419.31	100.443
1421.11	99.5074
1422.91	99.9084
1424.71	99.8326
1426.51	100.454
1428.31	100.047
1430.12	99.3634
1431.92	99.5952
1433.72	99.6827
1435.52	100.265
1437.32	100.224
1439.12	99.8894
1440.92	99.8119
1442.72	100.188
1444.52	99.6303
1446.32	100.102
1448.12	100.072
1449.92	99.8719
1451.73	100.067
1453.53	99.9715
1455.33	100.082
1457.13	99.5237
1458.93	100.098
1460.73	100.211
1462.53	99.9864
1464.33	100.056
1466.13	99.8275
1467.93	100.11
1469.73	99.8433
1471.54	99.4579
1473.34	100.025
1475.14	99.262
1476.94	99.808
1478.74	99.5758
1480.54	99.5213
1482.34	99.6685
1484.14	99.3614
1485.94	99.681
1487.74	99.493
1489.54	99.2346
1491.35	99.7599
1493.15	99.3529
1494.95	99.4078
1496.75	99.5643
1498.55	99.4732
1500.35	99.1338
1502.15	98.7679
1503.95	98.3205
1505.75	98.6935
1507.55	98.8327
1509.35	98.4738
1511.16	97.187
1512.96	98.3236
1514.76	98.173
1516.56	97.6223
1518.36	97.816
1520.16	97.5019
1521.96	96.8885
1523.76	97.2424
1525.56	96.2333
1527.36	96.3342
1529.16	96.0268
1530.97	95.5332
1532.77	95.5629
1534.57	95.5395
1536.37	95.1787
1538.17	94.6626
1539.97	93.5607
1541.77	93.2754
1543.57	93.3154
1545.37	92.8274
1547.17	92.2429
1548.97	92.5015
1550.78	91.4821
1552.58	91.1168
1554.38	90.7378
1556.18	89.9293
1557.98	90.1461
1559.78	88.5278
1561.58	88.0552
1563.38	87.3679
1565.18	87.5208
1566.98	86.6826
1568.78	85.6582
1570.59	84.9327
1572.39	84.9698
1574.19	84.0188
1575.99	83.6842
1577.79	82.5902
1579.59	82.1068
1581.39	81.3882
1583.19	80.457
1584.99	79.9502
1586.79	78.9922
1588.59	78.8567
1590.4	78.3064
1592.2	77.7553
1594	77.0509
1595.8	76.2197
1597.6	76.1473
1599.4	75.3912
1601.2	75.0022
1603	74.505
1604.8	73.5399
1606.6	73.2274
1608.4	72.9041
1610.21	71.9165
1612.01	71.543
1613.81	71.143
1615.61	71.185
1617.41	70.8363
1619.21	70.2598
1621.01	70.5258
1622.81	70.2798
1624.61	70.5283
1626.41	70.681
1628.21	70.1561
1630.02	69.791
1631.82	70.2138
1633.62	70.0812
1635.42	70.1036
1637.22	70.0525
1639.02	70.3449
1640.82	70.641
1642.62	71.1819
1644.42	71.3757
1646.22	72.086
1648.02	72.0895
1649.82	72.3952
1651.63	72.587
1653.43	72.8073
1655.23	73.4146
1657.03	73.8681
1658.83	73.8261
1660.63	74.8301
1662.43	76.1718
1664.23	76.3785
1666.03	76.748
1667.83	77.588
1669.63	77.5024
1671.44	78.8037
1673.24	79.7415
1675.04	79.9679
1676.84	80.1235
1678.64	81.1848
1680.44	82.3481
1682.24	82.6967
1684.04	82.8464
1685.84	84.6313
1687.64	84.1889
1689.44	85.1296
1691.25	85.5207
1693.05	86.1414
1694.85	86.9265
1696.65	87.8514
1698.45	88.6338
1700.25	88.7035
1702.05	89.075
1703.85	90.0654
1705.65	90.6025
1707.45	91.0346
1709.25	91.5412
1711.06	91.9039
1712.86	92.4294
1714.66	92.7904
1716.46	93.5936
1718.26	94.3514
1720.06	94.1298
1721.86	94.4496
1723.66	94.887
1725.46	94.9546
1727.26	95.7066
1729.06	95.9182
1730.87	95.9525
1732.67	96.6265
1734.47	96.6235
1736.27	96.574
1738.07	97.2034
1739.87	97.3881
1741.67	97.8109
1743.47	97.9652
1745.27	97.8637
1747.07	97.9237
1748.87	98.2234
1750.68	98.4788
1752.48	98.6516
1754.28	98.7239
1756.08	98.7241
1757.88	99.1595
1759.68	98.7592
1761.48	99.7985
1763.28	99.3696
1765.08	98.8816
1766.88	99.3482
1768.68	99.5913
1770.49	99.3159
1772.29	99.0283
1774.09	99.2164
1775.89	99.7375
1777.69	99.0912
1779.49	99.2216
1781.29	99.8527
1783.09	99.6569
1784.89	99.544
1786.69	99.6305
1788.49	99.3614
1790.3	99.9694
1792.1	99.6014
1793.9	99.7
1795.7	99.9803
1797.5	99.8133
1799.3	99.6914
1801.1	99.3172
1802.9	100.034
1804.7	99.9567
1806.5	99.7857
1808.3	99.6368
1810.11	99.9582
1811.91	100.104
1813.71	99.9942
1815.51	100.461
1817.31	100.185
1819.11	99.9443
1820.91	100.201
1822.71	99.9968
1824.51	99.998
1826.31	100.375
1828.11	99.7189
1829.91	99.9969
1831.72	100.348
1833.52	100.085
1835.32	99.8827
1837.12	99.4825
1838.92	99.314
1840.72	100.619
1842.52	100.089
1844.32	99.8217
1846.12	100.102
1847.92	99.7134
1849.72	99.8987
1851.53	99.7161
1853.33	99.5746
1855.13	99.3673
1856.93	99.5197
1858.73	100.306
1860.53	99.7032
1862.33	100.16
1864.13	100.286
1865.93	100.005
1867.73	99.9101
1869.53	100.04
1871.34	99.8748
1873.14	100.361
1874.94	100.563
1876.74	100.435
1878.54	99.3544
1880.34	99.8688
1882.14	100.001
1883.94	100.139
1885.74	99.4817
1887.54	99.4769
1889.34	100.392
1891.15	99.8322
1892.95	99.5537
1894.75	99.6689
1896.55	100.117
1898.35	99.7532
1900.15	100.072
1901.95	99.7064
1903.75	99.4767
1905.55	100.427
1907.35	100.119
1909.15	99.8999
1910.96	99.8436
1912.76	100.439
1914.56	100.177
1916.36	100.344
1918.16	99.8249
1919.96	100.015
1921.76	100.121
1923.56	99.835
1925.36	99.9713
1927.16	99.8249
1928.96	100.12
1930.77	99.6036
1932.57	100.172
1934.37	100.093
1936.17	99.939
1937.97	100.135
1939.77	99.8905
1941.57	99.799
1943.37	100.163
1945.17	100.176
1946.97	99.8478
1948.77	99.8221
1950.58	99.9451
1952.38	99.8344
1954.18	100.458
1955.98	100.095
1957.78	100.004
1959.58	99.7202
1961.38	100.222
1963.18	99.8165
1964.98	99.8042
1966.78	100.232
1968.58	100.116
1970.39	99.249
1972.19	99.9527
1973.99	100.038
1975.79	99.8981
1977.59	100.048
1979.39	99.4571
1981.19	99.1507
1982.99	99.7074
1984.79	100.085
1986.59	99.0325
1988.39	99.7469
1990.2	99.4232
1992	99.9272
1993.8	100.587
1995.6	99.9348
1997.4	99.9677
1999.2	100.252
2001	100.006
2002.8	99.9355
2004.6	100.278
2006.4	100.142
2008.2	100.087
2010.01	99.9584
2011.81	99.8962
2013.61	100.275
2015.41	99.8991
2017.21	100.369
2019.01	99.6859
2020.81	100.43
2022.61	100.142
2024.41	99.7094
2026.21	100.153
2028.01	99.8049
2029.81	100.01
2031.62	99.854
2033.42	99.9601
2035.22	100.282
2037.02	100.156
2038.82	99.6624
2040.62	99.6796
2042.42	100.081
2044.22	100.103
2046.02	99.7977
2047.82	100.477
2049.62	100.244
2051.43	99.8123
2053.23	99.7833
2055.03	99.9317
2056.83	99.9004
2058.63	100.377
2060.43	100.295
2062.23	100.011
2064.03	100.203
2065.83	100.247
2067.63	100.017
2069.43	100.121
2071.24	100.178
2073.04	100.146
2074.84	99.7664
2076.64	99.7967
2078.44	99.9134
2080.24	99.788
2082.04	99.5581
2083.84	100.203
2085.64	100.104
2087.44	99.5982
2089.24	99.9277
2091.05	99.9447
2092.85	100.055
2094.65	99.6754
2096.45	99.5938
2098.25	100.156
2100.05	99.5398
2101.85	99.9302
2103.65	99.9022
2105.45	99.963
2107.25	100.076
2109.05	100.48
2110.86	99.5202
2112.66	100.263
2114.46	99.2464
2116.26	100.418
2118.06	99.3871
2119.86	100.731
2121.66	99.8831
2123.46	100.387
2125.26	100.325
2127.06	99.8691
2128.86	99.8921
2130.67	99.7489
2132.47	100.236
2134.27	99.873
2136.07	99.7543
2137.87	100.161
2139.67	99.7308
2141.47	99.9013
2143.27	100.032
2145.07	99.8073
2146.87	99.8525
2148.67	100.46
2150.48	99.9387
2152.28	99.8921
2154.08	99.9475
2155.88	100.136
2157.68	99.6898
2159.48	100.128
2161.28	100.077
2163.08	99.4634
2164.88	100.538
2166.68	100.438
2168.48	99.7598
2170.29	99.6633
2172.09	100.068
2173.89	99.5722
2175.69	100.409
2177.49	99.8595
2179.29	100.487
2181.09	99.7527
2182.89	99.9663
2184.69	100.38
2186.49	99.903
2188.29	100.082
2190.1	100.328
2191.9	99.8332
2193.7	99.6215
2195.5	99.5624
2197.3	100.175
2199.1	100.117
2200.9	100.318
2202.7	99.9178
2204.5	99.5708
2206.3	99.2942
2208.1	100.86
2209.9	100.158
2211.71	100.041
2213.51	100.084
2215.31	99.5706
2217.11	99.7615
2218.91	100.523
2220.71	100.198
2222.51	99.7709
2224.31	99.632
2226.11	99.8453
2227.91	99.9054
2229.71	100.615
2231.52	99.9435
2233.32	99.6431
2235.12	99.9824
2236.92	100.079
2238.72	99.6158
2240.52	100.121
2242.32	100.363
2244.12	100.042
2245.92	99.7609
2247.72	99.8413
2249.52	99.5023
2251.33	99.9598
2253.13	100.093
2254.93	99.731
2256.73	100.582
2258.53	100.238
2260.33	99.4622
2262.13	99.4683
2263.93	99.7048
2265.73	100.472
2267.53	100.267
2269.33	100.487
2271.14	100.003
2272.94	99.9372
2274.74	99.6257
2276.54	100.105
2278.34	99.9411
2280.14	99.9296
2281.94	100.485
2283.74	99.9621
2285.54	100.399
2287.34	99.5236
2289.14	100.806
2290.95	99.888
2292.75	100.212
2294.55	100.26
2296.35	99.8508
2298.15	100.246
2299.95	100.261
2301.75	99.7861
2303.55	99.7896
2305.35	100.014
2307.15	99.9654
2308.95	100.418
2310.76	100.211
2312.56	99.9789
2314.36	100.182
2316.16	99.386
2317.96	99.8154
2319.76	100.086
2321.56	100.335
2323.36	100.06
2325.16	100.437
2326.96	100.26
2328.76	99.8535
2330.57	99.958
2332.37	100.123
2334.17	99.8654
2335.97	100.459
2337.77	99.6674
2339.57	100.095
2341.37	100.221
2343.17	99.906
2344.97	99.8384
2346.77	99.9772
2348.57	100.244
2350.38	99.85
2352.18	99.6793
2353.98	100.345
2355.78	100.12
2357.58	100.302
2359.38	100.228
2361.18	100.654
2362.98	100.334
2364.78	99.7828
2366.58	100.141
2368.38	99.8328
2370.19	99.8638
2371.99	99.5762
2373.79	99.9142
2375.59	100.164
2377.39	99.9802
2379.19	99.6702
2380.99	99.5431
2382.79	100.634
2384.59	100.098
2386.39	99.7528
2388.19	100.139
2389.99	100.657
2391.8	100.186
2393.6	99.1639
2395.4	100.796
2397.2	99.4452
2399	99.9382
2400.8	99.66
2402.6	99.778
2404.4	100.085
2406.2	99.3787
2408	99.9729
2409.8	100.344
2411.61	99.747
2413.41	99.5829
2415.21	99.9582
2417.01	99.8985
2418.81	99.8214
2420.61	99.6435
2422.41	100.156
2424.21	100.179
2426.01	99.6803
2427.81	99.7218
2429.61	100.041
2431.42	99.7105
2433.22	100.054
2435.02	100.44
2436.82	99.9821
2438.62	99.6359
2440.42	100.118
2442.22	99.9467
2444.02	99.955
2445.82	100.143
2447.62	100.207
2449.42	100.011
2451.23	99.9818
2453.03	100.619
2454.83	100.36
2456.63	100.25
2458.43	100.039
2460.23	99.6983
2462.03	100.338
2463.83	100.043
2465.63	99.8268
2467.43	99.9271
2469.23	99.7101
2471.04	100.317
2472.84	100.205
2474.64	100.054
2476.44	99.9872
2478.24	99.7958
2480.04	99.361
2481.84	99.5761
2483.64	99.7772
2485.44	99.7321
2487.24	100.087
2489.04	100.243
2490.85	99.9615
2492.65	100.423
2494.45	99.7651
2496.25	99.9593
2498.05	99.9847
2499.85	100.328
2501.65	100.032
2503.45	100.04
2505.25	99.5035
2507.05	99.73
2508.85	100.329
2510.66	99.3774
2512.46	100.403
2514.26	100.15
2516.06	99.7757
2517.86	99.7504
2519.66	100.569
2521.46	100.423
2523.26	99.9642
2525.06	100.04
2526.86	99.8061
2528.66	100.04
2530.47	99.7978
2532.27	99.9764
2534.07	100.543
2535.87	99.9713
2537.67	99.6856
2539.47	99.5901
2541.27	100.038
2543.07	99.7717
2544.87	100.074
2546.67	99.5141
2548.47	100.207
2550.28	99.682
2552.08	100.014
2553.88	99.8985
2555.68	100.516
2557.48	100.051
2559.28	100.584
2561.08	100.168
2562.88	100.428
2564.68	99.9374
2566.48	100.104
2568.28	100.366
2570.09	100.271
2571.89	100.159
2573.69	99.9016
2575.49	99.9524
2577.29	100.341
2579.09	100.404
2580.89	99.8221
2582.69	99.7769
2584.49	99.7288
2586.29	100.249
2588.09	99.7212
2589.89	100.245
2591.7	100.164
2593.5	99.8365
2595.3	100.469
2597.1	99.5613
2598.9	100.498
2600.7	100.096
2602.5	99.378
2604.3	100.478
2606.1	100.292
2607.9	99.8715
2609.7	99.7106
2611.51	99.5293
2613.31	100.725
2615.11	99.723
2616.91	99.6209
2618.71	100.08
2620.51	99.5086
2622.31	99.7055
2624.11	100.298
2625.91	100.139
2627.71	99.8841
2629.51	100.005
2631.32	99.8673
2633.12	99.9814
2634.92	99.7715
2636.72	99.8259
2638.52	99.8168
2640.32	99.7822
2642.12	100.313
2643.92	100.231
2645.72	99.7203
2647.52	99.6417
2649.32	99.9528
2651.13	100.647
2652.93	99.6917
2654.73	99.9516
2656.53	100.027
2658.33	99.9674
2660.13	99.8625
2661.93	100.347
2663.73	100.136
2665.53	100.254
2667.33	100.177
2669.13	100.268
2670.94	100.475
2672.74	100.399
2674.54	100.697
2676.34	100.365
2678.14	99.7992
2679.94	100.254
2681.74	100.213
2683.54	100.576
2685.34	99.7099
2687.14	100.167
2688.94	99.7957
2690.75	100.154
2692.55	99.9356
2694.35	100.144
2696.15	99.5769
2697.95	100.238
2699.75	100.062
2701.55	100.046
2703.35	100.585
2705.15	99.8852
2706.95	100.103
2708.75	100.03
2710.56	100.059
2712.36	100.667
2714.16	100.019
2715.96	99.8298
2717.76	100.561
2719.56	99.9076
2721.36	99.5183
2723.16	99.7776
2724.96	99.6258
2726.76	99.4598
2728.56	99.8908
2730.37	99.9786
2732.17	100.354
2733.97	100.188
2735.77	100.175
2737.57	99.7313
2739.37	100.265
2741.17	100.416
2742.97	100.117
2744.77	100.125
2746.57	99.6185
2748.37	100.314
2750.18	100.531
2751.98	100.093
2753.78	99.8172
2755.58	99.946
2757.38	99.8674
2759.18	99.8841
2760.98	100.185
2762.78	100.073
2764.58	100.288
2766.38	100.096
2768.18	99.7221
2769.98	99.8277
2771.79	99.805
2773.59	99.9132
2775.39	100.502
2777.19	100.544
2778.99	100.201
2780.79	99.977
2782.59	99.523
2784.39	99.9861
2786.19	99.67
2787.99	100.381
2789.79	99.393
2791.6	99.9706
2793.4	99.5707
2795.2	99.8047
2797	99.9786
2798.8	100.053
2800.6	99.6912
2802.4	99.8963
2804.2	99.4226
2806	99.6427
2807.8	99.8112
2809.6	99.5449
2811.41	99.2137
2813.21	99.2079
2815.01	99.5067
2816.81	98.7752
2818.61	98.71
2820.41	99.0532
2822.21	98.6086
2824.01	98.1593
2825.81	98.8418
2827.61	97.9336
2829.41	98.0153
2831.22	97.6848
2833.02	97.56
2834.82	97.1448
2836.62	97.3668
2838.42	96.9087
2840.22	96.8736
2842.02	96.0781
2843.82	96.5619
2845.62	94.99
2847.42	94.7032
2849.22	95.2995
2851.03	94.4882
2852.83	93.9982
2854.63	93.5524
2856.43	93.0993
2858.23	92.501
2860.03	91.5832
2861.83	91.5597
2863.63	90.9341
2865.43	90.5676
2867.23	90.0543
2869.03	88.9945
2870.84	87.8833
2872.64	88.1274
2874.44	86.6242
2876.24	86.3572
2878.04	85.4994
2879.84	84.7649
2881.64	84.4408
2883.44	83.6049
2885.24	83.011
2887.04	81.9463
2888.84	81.4844
2890.65	80.666
2892.45	80.2153
2894.25	79.6385
2896.05	79.6506
2897.85	78.4698
2899.65	77.3904
2901.45	77.96
2903.25	77.2253
2905.05	76.6386
2906.85	76.1747
2908.65	75.6925
2910.46	76.2734
2912.26	75.4693
2914.06	74.7421
2915.86	75.2203
2917.66	75.3922
2919.46	75.036
2921.26	74.7279
2923.06	74.7609
2924.86	74.8931
2926.66	75.7842
2928.46	75.5142
2930.27	75.2874
2932.07	76.2072
2933.87	76.4792
2935.67	76.689
2937.47	76.944
2939.27	77.3946
2941.07	78.538
2942.87	78.8162
2944.67	79.4444
2946.47	79.9589
2948.27	80.5913
2950.08	80.9796
2951.88	81.702
2953.68	82.7702
2955.48	83.5124
2957.28	83.3958
2959.08	84.3786
2960.88	85.3728
2962.68	86.3641
2964.48	87.0084
2966.28	86.9028
2968.08	88.1829
2969.88	88.4657
2971.69	89.396
2973.49	89.9389
2975.29	89.9265
2977.09	91.056
2978.89	91.7588
2980.69	91.997
2982.49	92.4539
2984.29	92.5594
2986.09	93.7168
2987.89	94.0325
2989.69	94.1285
2991.5	94.7198
2993.3	95.2536
2995.1	95.4067
2996.9	95.9199
2998.7	95.7171
3000.5	96.9485
3002.3	96.8293
3004.1	96.7555
3005.9	96.5887
3007.7	97.8581
3009.5	97.9217
3011.31	98.0053
3013.11	98.3728
3014.91	98.5282
3016.71	98.47
3018.51	98.4634
3020.31	98.5296
3022.11	98.884
3023.91	99.2685
3025.71	98.8996
3027.51	99.4447
3029.31	99.1758
3031.12	99.2317
3032.92	99.8849
3034.72	99.6976
3036.52	99.7372
3038.32	99.0199
3040.12	99.9367
3041.92	99.269
3043.72	99.2351
3045.52	98.6608
3047.32	99.4076
3049.12	98.9819
3050.93	99.4231
3052.73	98.9425
3054.53	99.8176
3056.33	99.4282
3058.13	99.9284
3059.93	98.9167
3061.73	99.6652
3063.53	98.6342
3065.33	99.2098
3067.13	98.9281
3068.93	98.9515
3070.74	98.8972
3072.54	98.7421
3074.34	98.6011
3076.14	98.8069
3077.94	98.9332
3079.74	99.2045
3081.54	98.8991
3083.34	99.1138
3085.14	98.2718
3086.94	98.535
3088.74	98.8259
3090.55	98.6613
3092.35	98.2439
3094.15	98.7244
3095.95	98.2248
3097.75	98.0888
3099.55	98.404
3101.35	98.1935
3103.15	97.9663
3104.95	97.8855
3106.75	97.6588
3108.55	97.7859
3110.36	98.1572
3112.16	97.8207
3113.96	97.9527
3115.76	97.7352
3117.56	97.3095
3119.36	96.9086
3121.16	97.0328
3122.96	97.0144
3124.76	96.8934
3126.56	97.3117
3128.36	97.2052
3130.17	97.4713
3131.97	96.4694
3133.77	97.0656
3135.57	96.9486
3137.37	96.2833
3139.17	96.3737
3140.97	96.4793
3142.77	95.9617
3144.57	95.8075
3146.37	95.5259
3148.17	94.8685
3149.97	95.4567
3151.78	95.0781
3153.58	94.8205
3155.38	95.1183
3157.18	94.4013
3158.98	94.9199
3160.78	94.6609
3162.58	94.2299
3164.38	94.1613
3166.18	93.6499
3167.98	94.0549
3169.78	93.7051
3171.59	93.5426
3173.39	93.426
3175.19	92.8902
3176.99	92.4307
3178.79	92.9733
3180.59	92.6884
3182.39	92.1129
3184.19	92.184
3185.99	92.2223
3187.79	91.9663
3189.59	91.231
3191.4	90.7255
3193.2	90.5446
3195	90.6099
3196.8	90.9018
3198.6	90.0002
3200.4	89.7915
3202.2	89.5329
3204	89.3022
3205.8	89.198
3207.6	88.5531
3209.4	88.9943
3211.21	88.3535
3213.01	88.8649
3214.81	87.4893
3216.61	88.0349
3218.41	87.6881
3220.21	86.8563
3222.01	86.5667
3223.81	86.1106
3225.61	85.8124
3227.41	85.7799
3229.21	85.4777
3231.02	84.6788
3232.82	85.5323
3234.62	84.4479
3236.42	84.2238
3238.22	83.6916
3240.02	83.4717
3241.82	83.114
3243.62	82.8872
3245.42	82.5477
3247.22	82.4549
3249.02	81.9406
3250.83	81.7402
3252.63	81.1803
3254.43	80.9048
3256.23	80.4131
3258.03	80.4346
3259.83	79.8768
3261.63	79.3774
3263.43	79.0116
3265.23	78.677
3267.03	78.3595
3268.83	77.9729
3270.64	77.4607
3272.44	77.4955
3274.24	77.1514
3276.04	77.0747
3277.84	75.9946
3279.64	76.0115
3281.44	74.8748
3283.24	75.3323
3285.04	74.2829
3286.84	74.0614
3288.64	74.0938
3290.45	73.446
3292.25	73.0442
3294.05	72.7667
3295.85	72.7728
3297.65	71.9173
3299.45	71.8259
3301.25	71.3755
3303.05	71.384
3304.85	71.0436
3306.65	69.8923
3308.45	70.4127
3310.26	69.5751
3312.06	69.4913
3313.86	68.804
3315.66	68.8657
3317.46	69.192
3319.26	68.1407
3321.06	67.6445
3322.86	67.3969
3324.66	66.7141
3326.46	67.2823
3328.26	66.639
3330.07	65.9328
3331.87	65.6499
3333.67	65.6719
3335.47	65.6648
3337.27	64.7633
3339.07	65.1718
3340.87	64.5453
3342.67	64.0348
3344.47	63.9208
3346.27	64.3393
3348.07	63.1584
3349.87	63.1222
3351.68	63.4011
3353.48	62.9609
3355.28	62.4463
3357.08	62.768
3358.88	62.5845
3360.68	62.1901
3362.48	61.7244
3364.28	61.5957
3366.08	61.6516
3367.88	61.0136
3369.68	61.6546
3371.49	61.6235
3373.29	60.9082
3375.09	60.9596
3376.89	61.0908
3378.69	61.2125
3380.49	60.9923
3382.29	59.9125
3384.09	60.2553
3385.89	60.4257
3387.69	60.0615
3389.49	60.6878
3391.3	60.5939
3393.1	59.8214
3394.9	59.9874
3396.7	59.7903
3398.5	59.9446
3400.3	59.9325
3402.1	60.2924
3403.9	59.7546
3405.7	59.2601
3407.5	59.5968
3409.3	59.8116
3411.11	59.9742
3412.91	60.2868
3414.71	59.9754
3416.51	60.0134
3418.31	60.1841
3420.11	60.2231
3421.91	60.4949
3423.71	60.5941
3425.51	61.1006
3427.31	60.726
3429.11	61.0529
3430.92	61.1422
3432.72	61.702
3434.52	61.5747
3436.32	62.1058
3438.12	61.6224
3439.92	62.1384
3441.72	62.1732
3443.52	62.1783
3445.32	62.7334
3447.12	63.4882
3448.92	62.9342
3450.73	63.3805
3452.53	63.2605
3454.33	63.4584
3456.13	63.9085
3457.93	64.2645
3459.73	64.5388
3461.53	64.8596
3463.33	64.7057
3465.13	65.2908
3466.93	65.9131
3468.73	65.6443
3470.54	66.2396
3472.34	66.7333
3474.14	66.7149
3475.94	67.3607
3477.74	67.115
3479.54	68.1553
3481.34	68.3199
3483.14	68.5522
3484.94	69.2019
3486.74	69.0981
3488.54	69.3473
3490.35	70.2834
3492.15	70.7657
3493.95	70.35
3495.75	70.8711
3497.55	71.5683
3499.35	71.5831
3501.15	72.1387
3502.95	72.55
3504.75	72.5044
3506.55	73.1576
3508.35	73.39
3510.16	73.3878
3511.96	73.818
3513.76	74.282
3515.56	75.1196
3517.36	75.4933
3519.16	75.7938
3520.96	76.065
3522.76	76.4208
3524.56	76.744
3526.36	77.1464
3528.16	77.5295
3529.96	77.3276
3531.77	77.8731
3533.57	78.1617
3535.37	79.1615
3537.17	79.6833
3538.97	78.8927
3540.77	80.3676
3542.57	80.2772
3544.37	80.9061
3546.17	81.1035
3547.97	81.7309
3549.77	81.7066
3551.58	81.5773
3553.38	82.2949
3555.18	82.819
3556.98	82.9347
3558.78	83.5291
3560.58	83.6417
3562.38	83.8094
3564.18	83.9859
3565.98	84.5147
3567.78	85.0111
3569.58	84.676
3571.39	85.3407
3573.19	85.2832
3574.99	86.0011
3576.79	86.846
3578.59	86.428
3580.39	87.2881
3582.19	88.2215
3583.99	88.0889
3585.79	87.9751
3587.59	88.471
3589.39	88.0772
3591.2	88.2868
3593	89.0343
3594.8	89.4082
3596.6	89.8759
3598.4	89.6319
3600.2	90.1116
3602	90.3484
3603.8	90.5043
3605.6	90.7609
3607.4	90.7613
3609.2	91.3326
3611.01	91.5341
3612.81	91.5666
3614.61	92.1172
3616.41	92.4408
3618.21	92.5466
3620.01	92.2376
3621.81	92.7832
3623.61	92.6789
3625.41	93.1765
3627.21	93.0665
3629.01	93.9092
3630.82	93.9446
3632.62	94.2352
3634.42	94.3807
3636.22	94.1561
3638.02	94.278
3639.82	95.0928
3641.62	94.6818
3643.42	94.4824
3645.22	95.3448
3647.02	95.236
3648.82	95.7914
3650.63	95.5558
3652.43	95.6168
3654.23	96.2171
3656.03	95.4309
3657.83	95.8467
3659.63	95.8828
3661.43	95.6139
3663.23	96.6547
3665.03	96.3427
3666.83	96.8957
3668.63	96.852
3670.44	97.0256
3672.24	96.8122
3674.04	96.822
3675.84	97.1779
3677.64	97.5236
3679.44	97.327
3681.24	97.2231
3683.04	97.1629
3684.84	97.6703
3686.64	97.5268
3688.44	97.753
3690.25	97.7819
3692.05	97.797
3693.85	98.0929
3695.65	98.2433
3697.45	98.7366
3699.25	98.4423
3701.05	98.7587
3702.85	98.0988
3704.65	97.9258
3706.45	98.4615
3708.25	98.7811
3710.06	98.79
3711.86	98.9973
3713.66	97.9253
3715.46	99.1128
3717.26	98.8866
3719.06	98.3701
3720.86	99.0961
3722.66	98.9741
3724.46	99.0803
3726.26	99.3069
3728.06	99.1761
3729.86	98.6436
3731.67	99.0796
3733.47	98.6729
3735.27	99.3874
3737.07	99.6453
3738.87	98.8855
3740.67	99.0874
3742.47	99.0539
3744.27	99.211
3746.07	99.4985
3747.87	99.2684
3749.67	99.6227
3751.48	99.7711
3753.28	99.8057
3755.08	99.1624
3756.88	99.9355
3758.68	99.9806
3760.48	100.027
3762.28	99.533
3764.08	99.3734
3765.88	99.3216
3767.68	99.3035
3769.48	99.654
3771.29	99.9207
3773.09	100.073
3774.89	99.5504
3776.69	99.6984
3778.49	99.6922
3780.29	99.5456
3782.09	99.9692
3783.89	99.8691
3785.69	99.8141
3787.49	99.8898
3789.29	99.9773
3791.1	99.9841
3792.9	99.5604
3794.7	100.09
3796.5	99.9062
3798.3	99.7075
3800.1	99.9161
3801.9	99.9567
3803.7	100.185
3805.5	99.5536
3807.3	100.271
3809.1	99.8872
3810.91	99.7344
3812.71	99.7309
3814.51	99.597
3816.31	99.3803
3818.11	100.111
3819.91	100.507
3821.71	99.4315
3823.51	99.6359
3825.31	100.151
3827.11	99.9153
3828.91	100.183
3830.72	99.9057
3832.52	99.7654
3834.32	99.875
3836.12	99.2312
3837.92	99.6056
3839.72	100.236
3841.52	100.312
3843.32	100.378
3845.12	100.091
3846.92	99.2843
3848.72	99.7727
3850.53	100.363
3852.33	100.454
3854.13	100.378
3855.93	99.8998
3857.73	99.5803
3859.53	99.9616
3861.33	99.9797
3863.13	100.446
3864.93	100.046
3866.73	99.9843
3868.53	100.002
3870.34	100.101
3872.14	100.171
3873.94	99.7662
3875.74	99.6673
3877.54	100.397
3879.34	99.494
3881.14	100.478
3882.94	99.4146
3884.74	99.8132
3886.54	100.281
3888.34	99.99
3890.15	99.5955
3891.95	100.119
3893.75	100.012
3895.55	99.9273
3897.35	99.8054
3899.15	99.9826
3900.95	99.8189
3902.75	100.724
3904.55	99.9222
3906.35	99.8824
3908.15	99.8324
3909.95	100.528
3911.76	99.5038
3913.56	100.104
3915.36	99.9243
3917.16	99.5693
3918.96	99.7508
3920.76	100.092
3922.56	99.7376
3924.36	100.075
3926.16	100.516
3927.96	100.049
3929.76	99.5616
3931.57	99.7438
3933.37	99.9123
3935.17	99.8924
3936.97	100.044
3938.77	100.092
3940.57	100.518
3942.37	99.9974
3944.17	99.653
3945.97	100.345
3947.77	100.378
3949.57	100.069
3951.38	99.925
3953.18	100.186
3954.98	99.9358
3956.78	99.3824
3958.58	100.168
3960.38	100.267
3962.18	100.432
3963.98	99.7801
3965.78	100.067
3967.58	100.074
3969.38	100.025
3971.19	100.034
3972.99	100.011
3974.79	100.063
3976.59	100.222
3978.39	100.366
3980.19	99.7728
3981.99	99.948
3983.79	99.8729
3985.59	99.83
3987.39	99.5149
3989.19	100.007
3991	100.144
3992.8	99.9533
3994.6	99.9971
3996.4	100.125
3998.2	100.423
4000	99.8739
