100	0.0531484
101.16	0.0409777
102.321	0.0474895
103.481	0.0686182
104.642	0.0459176
105.802	0.047725
106.963	0.041161
108.123	0.0620491
109.284	0.0179555
110.444	0.0461611
111.605	0.0501312
112.765	0.0439802
113.926	0.0592273
115.086	0.0626131
116.246	0.0364734
117.407	0.0715296
118.567	0.0363631
119.728	0.0634829
120.888	0.0520958
122.049	0.0455615
123.209	0.0465058
124.37	0.0502653
125.53	0.0526856
126.691	0.0414008
127.851	0.0482639
129.012	0.0428976
130.172	0.0384548
131.333	0.0424331
132.493	0.0391075
133.653	0.0464066
134.814	0.0549339
135.974	0.0518173
137.135	0.0703546
138.295	0.0285076
139.456	0.0553065
140.616	0.0506783
141.777	0.0587718
142.937	0.0577808
144.098	0.0489672
145.258	0.0523446
146.419	0.0431784
147.579	0.0567569
148.739	0.0318324
149.9	0.0583904
151.06	0.0503915
152.221	0.0457536
153.381	0.0482999
154.542	0.0490343
155.702	0.0636003
156.863	0.0829633
158.023	0.0628281
159.184	0.0449771
160.344	0.0569292
161.505	0.0573658
162.665	0.0413819
163.826	0.0380266
164.986	0.0500028
166.146	0.0587137
167.307	0.0345196
168.467	0.0434298
169.628	0.0563663
170.788	0.0510581
171.949	0.0648047
173.109	0.0365294
174.27	0.0741658
175.43	0.0352653
176.591	0.0303546
177.751	0.0500582
178.912	0.0393038
180.072	0.0502619
181.232	0.0499133
182.393	0.0486939
183.553	0.0422287
184.714	0.0549804
185.874	0.0474816
187.035	0.0616927
188.195	0.0488535
189.356	0.0410118
190.516	0.0337823
191.677	0.0489394
192.837	0.0379696
193.998	0.0371632
195.158	0.0559385
196.319	0.0328883
197.479	0.0647881
198.639	0.0522645
199.8	0.05023
200.96	0.0403219
202.121	0.0583144
203.281	0.0506428
204.442	0.043812
205.602	0.0526724
206.763	0.0338475
207.923	0.0343232
209.084	0.0394758
210.244	0.0541741
211.405	0.0506474
212.565	0.0611709
213.725	0.0414824
214.886	0.0564302
216.046	0.049546
217.207	0.0412554
218.367	0.0545401
219.528	0.0500281
220.688	0.0443982
221.849	0.0511106
223.009	0.0493965
224.17	0.0491561
225.33	0.0465683
226.491	0.037646
227.651	0.0514443
228.812	0.0426707
229.972	0.0404958
231.132	0.0482933
232.293	0.0580418
233.453	0.0525589
234.614	0.0453926
235.774	0.0449918
236.935	0.0570646
238.095	0.0267404
239.256	0.0586826
240.416	0.0319701
241.577	0.0365574
242.737	0.0455701
243.898	0.0724152
245.058	0.0674895
246.218	0.0577814
247.379	0.0542832
248.539	0.0320963
249.7	0.052288
250.86	0.0452294
252.021	0.0425562
253.181	0.0522723
254.342	0.0460144
255.502	0.0594198
256.663	0.0313686
257.823	0.0514795
258.984	0.0419398
260.144	0.0466357
261.305	0.0537796
262.465	0.0395616
263.625	0.0523783
264.786	0.048614
265.946	0.0441328
267.107	0.0460343
268.267	0.0491958
269.428	0.0430643
270.588	0.050815
271.749	0.0479636
272.909	0.0446339
274.07	0.0666465
275.23	0.0549019
276.391	0.0469237
277.551	0.0522108
278.711	0.0404854
279.872	0.0463872
281.032	0.0475556
282.193	0.0382898
283.353	0.0546327
284.514	0.0457044
285.674	0.0472073
286.835	0.0450761
287.995	0.0803556
289.156	0.04414
290.316	0.0300808
291.477	0.0347697
292.637	0.0583634
293.798	0.0641364
294.958	0.0439553
296.118	0.0635642
297.279	0.058192
298.439	0.0488828
299.6	0.0481746
300.76	0.0525892
301.921	0.0595565
303.081	0.0547564
304.242	0.0440168
305.402	0.0490443
306.563	0.0706005
307.723	0.0533014
308.884	0.059484
310.044	0.0561911
311.204	0.0535273
312.365	0.0518822
313.525	0.0597707
314.686	0.0579847
315.846	0.0534387
317.007	0.0438637
318.167	0.0546584
319.328	0.0501343
320.488	0.0477233
321.649	0.0775952
322.809	0.0354184
323.97	0.0603956
325.13	0.0421853
326.291	0.0521255
327.451	0.076501
328.611	0.041193
329.772	0.0435795
330.932	0.0506447
332.093	0.0423493
333.253	0.0596636
334.414	0.0454793
335.574	0.0573663
336.735	0.0375359
337.895	0.0327611
339.056	0.0485411
340.216	0.0351475
341.377	0.0660169
342.537	0.0355378
343.697	0.0404606
344.858	0.0549753
346.018	0.0449771
347.179	0.0356585
348.339	0.0712436
349.5	0.0408293
350.66	0.0488847
351.821	0.048757
352.981	0.0579537
354.142	0.0554758
355.302	0.042586
356.463	0.0475974
357.623	0.0485881
358.784	0.0583486
359.944	0.0391775
361.104	0.0710436
362.265	0.0432723
363.425	0.0507784
364.586	0.0392677
365.746	0.0378877
366.907	0.0421268
368.067	0.0411676
369.228	0.046732
370.388	0.0410866
371.549	0.0578336
372.709	0.0430499
373.87	0.0419434
375.03	0.0469536
376.19	0.0608135
377.351	0.0530356
378.511	0.0498918
379.672	0.03656
380.832	0.0394652
381.993	0.03811
383.153	0.0639644
384.314	0.0562033
385.474	0.0422833
386.635	0.0452576
387.795	0.0426503
388.956	0.0420464
390.116	0.0555099
391.277	0.0480333
392.437	0.0717222
393.597	0.063416
394.758	0.0640091
395.918	0.0576297
397.079	0.0466914
398.239	0.0568978
399.4	0.0474335
400.56	0.0672265
401.721	0.0549684
402.881	0.0535511
404.042	0.0522002
405.202	0.068334
406.363	0.0365958
407.523	0.0693181
408.683	0.0490757
409.844	0.0368777
411.004	0.043419
412.165	0.034435
413.325	0.0574816
414.486	0.0405641
415.646	0.0526357
416.807	0.0622932
417.967	0.0442328
419.128	0.0482739
420.288	0.0379233
421.449	0.0470754
422.609	0.0767013
423.77	0.0587424
424.93	0.0483178
426.09	0.0448503
427.251	0.0505429
428.411	0.0522718
429.572	0.0467826
430.732	0.056276
431.893	0.041443
433.053	0.0413957
434.214	0.0546836
435.374	0.0392973
436.535	0.058276
437.695	0.0508452
438.856	0.032711
440.016	0.0520872
441.176	0.0341429
442.337	0.0579301
443.497	0.0485115
444.658	0.0695117
445.818	0.0617161
446.979	0.0403982
448.139	0.0307999
449.3	0.0434585
450.46	0.0387991
451.621	0.0692713
452.781	0.050913
453.942	0.0603525
455.102	0.0481703
456.263	0.0492261
457.423	0.0506988
458.583	0.0620927
459.744	0.0541458
460.904	0.0404585
462.065	0.0672592
463.225	0.0481082
464.386	0.0464835
465.546	0.0227459
466.707	0.0573873
467.867	0.0520557
469.028	0.0520472
470.188	0.047022
471.349	0.0453004
472.509	0.0473591
473.669	0.0556889
474.83	0.0574508
475.99	0.0487517
477.151	0.0605538
478.311	0.050277
479.472	0.0460269
480.632	0.0530557
481.793	0.0374801
482.953	0.0534036
484.114	0.035657
485.274	0.040804
486.435	0.0308968
487.595	0.049335
488.756	0.067185
489.916	0.0499204
491.076	0.0575295
492.237	0.0746193
493.397	0.0551392
494.558	0.043449
495.718	0.044828
496.879	0.0511128
498.039	0.0447798
499.2	0.0455304
500.36	0.0609664
501.521	0.061378
502.681	0.0346501
503.842	0.0429399
505.002	0.0464841
506.162	0.0571177
507.323	0.0625602
508.483	0.0781517
509.644	0.0464779
510.804	0.04698
511.965	0.0570257
513.125	0.0443205
514.286	0.0497357
515.446	0.0469976
516.607	0.0249342
517.767	0.0523857
518.928	0.0493325
520.088	0.0638712
521.248	0.0512165
522.409	0.0386169
523.569	0.0485861
524.73	0.030259
525.89	0.0390635
527.051	0.0575305
528.211	0.0487048
529.372	0.0604061
530.532	0.0315149
531.693	0.0487621
532.853	0.0464344
534.014	0.0607509
535.174	0.0579229
536.335	0.0576206
537.495	0.0666151
538.655	0.047523
539.816	0.0645576
540.976	0.0407677
542.137	0.0404039
543.297	0.0587431
544.458	0.0361712
545.618	0.0569492
546.779	0.0522376
547.939	0.061946
549.1	0.0506361
550.26	0.051794
551.421	0.0563292
552.581	0.0446131
553.741	0.0441805
554.902	0.05599
556.062	0.0509559
557.223	0.0471787
558.383	0.0504271
559.544	0.0672036
560.704	0.046831
561.865	0.0465441
563.025	0.034193
564.186	0.0508471
565.346	0.0578426
566.507	0.0596389
567.667	0.0523623
568.828	0.0608417
569.988	0.0585989
571.148	0.0624193
572.309	0.0611361
573.469	0.0669961
574.63	0.0496026
575.79	0.0380323
576.951	0.0579434
578.111	0.059115
579.272	0.0670128
580.432	0.064129
581.593	0.0707742
582.753	0.0575214
583.914	0.0536144
585.074	0.0374798
586.234	0.054414
587.395	0.0458114
588.555	0.053455
589.716	0.0518885
590.876	0.0560642
592.037	0.050377
593.197	0.060704
594.358	0.0241258
595.518	0.0532608
596.679	0.0633893
597.839	0.0700684
599	0.0586911
600.16	0.0682239
601.321	0.053068
602.481	0.0514109
603.641	0.0566801
604.802	0.0513576
605.962	0.0435696
607.123	0.0462445
608.283	0.040279
609.444	0.056688
610.604	0.0515219
611.765	0.0478089
612.925	0.0457486
614.086	0.0564698
615.246	0.0592275
616.407	0.0401217
617.567	0.0385538
618.727	0.0609796
619.888	0.037687
621.048	0.0569171
622.209	0.0676152
623.369	0.0676423
624.53	0.0588326
625.69	0.0585459
626.851	0.0739808
628.011	0.0281218
629.172	0.0468264
630.332	0.0599586
631.493	0.0481049
632.653	0.0638796
633.814	0.0510923
634.974	0.0528073
636.134	0.0487472
637.295	0.046273
638.455	0.0460311
639.616	0.054218
640.776	0.0437649
641.937	0.0610468
643.097	0.0580512
644.258	0.0625173
645.418	0.0402381
646.579	0.0345369
647.739	0.051494
648.9	0.0805282
650.06	0.0642066
651.22	0.0460044
652.381	0.0557983
653.541	0.0588334
654.702	0.0378781
655.862	0.0652626
657.023	0.0498965
658.183	0.0506684
659.344	0.0518176
660.504	0.0630296
661.665	0.0440369
662.825	0.0345235
663.986	0.0548273
665.146	0.0311658
666.307	0.0485959
667.467	0.0634803
668.627	0.0574072
669.788	0.0620444
670.948	0.0578291
672.109	0.0757336
673.269	0.0457526
674.43	0.055621
675.59	0.0472633
676.751	0.0612173
677.911	0.0510383
679.072	0.0688474
680.232	0.0463556
681.393	0.0657399
682.553	0.057605
683.713	0.0513539
684.874	0.0571079
686.034	0.0543011
687.195	0.055253
688.355	0.0496297
689.516	0.0446876
690.676	0.0483578
691.837	0.0348822
692.997	0.0601382
694.158	0.0393723
695.318	0.0495526
696.479	0.0582147
697.639	0.0601334
698.8	0.0339982
699.96	0.0508315
701.12	0.0563527
702.281	0.0522807
703.441	0.0652067
704.602	0.0435532
705.762	0.0312863
706.923	0.0598854
708.083	0.0464167
709.244	0.0342076
710.404	0.0502134
711.565	0.0641096
712.725	0.0391771
713.886	0.0751752
715.046	0.043442
716.206	0.0526966
717.367	0.0396408
718.527	0.0522539
719.688	0.0505061
720.848	0.0369543
722.009	0.0801133
723.169	0.0469075
724.33	0.0469221
725.49	0.0615629
726.651	0.070021
727.811	0.0631488
728.972	0.0398786
730.132	0.0540354
731.293	0.0330886
732.453	0.0609255
733.613	0.0355626
734.774	0.0438886
735.934	0.0518947
737.095	0.056383
738.255	0.0493298
739.416	0.0671362
740.576	0.059184
741.737	0.0584052
742.897	0.0396703
744.058	0.0689643
745.218	0.0439464
746.379	0.0693589
747.539	0.0722119
748.699	0.057123
749.86	0.0623231
751.02	0.0211804
752.181	0.0500661
753.341	0.0630444
754.502	0.0612746
755.662	0.0398389
756.823	0.0491057
757.983	0.026686
759.144	0.0561864
760.304	0.0332301
761.465	0.063375
762.625	0.0639044
763.786	0.0473405
764.946	0.0573039
766.106	0.0499272
767.267	0.0545244
768.427	0.0406398
769.588	0.0583445
770.748	0.0357149
771.909	0.0338347
773.069	0.050922
774.23	0.0500361
775.39	0.0548789
776.551	0.0456682
777.711	0.0710276
778.872	0.0537843
780.032	0.0545145
781.192	0.0541656
782.353	0.06223
783.513	0.0579687
784.674	0.0566364
785.834	0.0595838
786.995	0.0339856
788.155	0.034371
789.316	0.0514868
790.476	0.0502785
791.637	0.0580613
792.797	0.0524714
793.958	0.0580979
795.118	0.0398314
796.279	0.052188
797.439	0.0388931
798.599	0.0561804
799.76	0.0335373
800.92	0.0558115
802.081	0.0376468
803.241	0.0485099
804.402	0.061303
805.562	0.054636
806.723	0.0359141
807.883	0.0456554
809.044	0.0373742
810.204	0.0354491
811.365	0.0535821
812.525	0.0580173
813.685	0.0568292
814.846	0.0584583
816.006	0.0523219
817.167	0.0497162
818.327	0.0417285
819.488	0.0480675
820.648	0.039264
821.809	0.044035
822.969	0.0533853
824.13	0.0513273
825.29	0.083162
826.451	0.0390663
827.611	0.0512827
828.772	0.038306
829.932	0.0486751
831.092	0.0490917
832.253	0.0610212
833.413	0.0480855
834.574	0.0506789
835.734	0.0482988
836.895	0.0386015
838.055	0.0461011
839.216	0.0488128
840.376	0.0533806
841.537	0.0582421
842.697	0.050317
843.858	0.0501515
845.018	0.0354756
846.178	0.0580916
847.339	0.0457458
848.499	0.0601867
849.66	0.0658906
850.82	0.0508578
851.981	0.0425147
853.141	0.0525917
854.302	0.0562567
855.462	0.0496255
856.623	0.0471515
857.783	0.0584384
858.944	0.0577901
860.104	0.0493627
861.265	0.0362964
862.425	0.0574123
863.585	0.0451868
864.746	0.0550151
865.906	0.054395
867.067	0.0340058
868.227	0.0537179
869.388	0.0580644
870.548	0.0593026
871.709	0.0541168
872.869	0.0331835
874.03	0.0657384
875.19	0.0570902
876.351	0.0409592
877.511	0.0451273
878.671	0.0553297
879.832	0.059828
880.992	0.0481633
882.153	0.061311
883.313	0.0351411
884.474	0.0426572
885.634	0.0324512
886.795	0.044134
887.955	0.0682021
889.116	0.0737128
890.276	0.0554941
891.437	0.0467775
892.597	0.0509591
893.758	0.0579226
894.918	0.0375733
896.078	0.0474921
897.239	0.06758
898.399	0.0427882
899.56	0.0457693
900.72	0.0534058
901.881	0.0561197
903.041	0.0470528
904.202	0.0540872
905.362	0.0594117
906.523	0.0729617
907.683	0.0520997
908.844	0.0529643
910.004	0.0686669
911.164	0.0479161
912.325	0.0401796
913.485	0.0559412
914.646	0.0642161
915.806	0.0570805
916.967	0.0525158
918.127	0.039018
919.288	0.0529343
920.448	0.0658658
921.609	0.0412094
922.769	0.0511196
923.93	0.0497088
925.09	0.0466233
926.251	0.0560964
927.411	0.0580672
928.571	0.0579795
929.732	0.0439004
930.892	0.037226
932.053	0.0563272
933.213	0.0486617
934.374	0.0721218
935.534	0.0726017
936.695	0.0736815
937.855	0.0443917
939.016	0.0595048
940.176	0.0625391
941.337	0.0614317
942.497	0.0503229
943.657	0.0666774
944.818	0.0539095
945.978	0.055205
947.139	0.038565
948.299	0.0604104
949.46	0.0513783
950.62	0.05865
951.781	0.0563733
952.941	0.0558517
954.102	0.0536054
955.262	0.061949
956.423	0.0521147
957.583	0.0395724
958.743	0.0598349
959.904	0.0460764
961.064	0.0409451
962.225	0.0439868
963.385	0.0570642
964.546	0.0532875
965.706	0.0329479
966.867	0.0504603
968.027	0.0660116
969.188	0.0498288
970.348	0.0527098
971.509	0.0648174
972.669	0.0623655
973.83	0.0646515
974.99	0.0267319
976.15	0.0718164
977.311	0.0608691
978.471	0.079144
979.632	0.0467304
980.792	0.0369437
981.953	0.0546751
983.113	0.0518742
984.274	0.0611898
985.434	0.0654278
986.595	0.0538313
987.755	0.052323
988.916	0.0599834
990.076	0.0522192
991.236	0.0514093
992.397	0.0652072
993.557	0.0674607
994.718	0.0657299
995.878	0.0532355
997.039	0.0335477
998.199	0.0534915
999.36	0.0474221
1000.52	0.0537332
1001.68	0.0483484
1002.84	0.0548809
1004	0.0447249
1005.16	0.0423401
1006.32	0.0674041
1007.48	0.0455108
1008.64	0.0552412
1009.8	0.0648138
1010.96	0.0644427
1012.12	0.0632795
1013.29	0.0583913
1014.45	0.0626346
1015.61	0.0691577
1016.77	0.0597096
1017.93	0.0371202
1019.09	0.05024
1020.25	0.0625226
1021.41	0.0493218
1022.57	0.0718279
1023.73	0.0550296
1024.89	0.0565487
1026.05	0.0669788
1027.21	0.0539384
1028.37	0.0575656
1029.53	0.0648303
1030.69	0.041153
1031.85	0.0530597
1033.01	0.0642416
1034.17	0.0566438
1035.33	0.0706992
1036.49	0.0403052
1037.66	0.0392033
1038.82	0.0638395
1039.98	0.0648404
1041.14	0.0542899
1042.3	0.0602669
1043.46	0.063756
1044.62	0.0482067
1045.78	0.0493187
1046.94	0.0583268
1048.1	0.0655131
1049.26	0.0448559
1050.42	0.0545796
1051.58	0.0541609
1052.74	0.0608274
1053.9	0.0566059
1055.06	0.0512797
1056.22	0.0692702
1057.38	0.0514386
1058.54	0.0539573
1059.7	0.0410109
1060.86	0.0498378
1062.02	0.0621835
1063.19	0.060278
1064.35	0.063117
1065.51	0.062682
1066.67	0.0781002
1067.83	0.049796
1068.99	0.0411325
1070.15	0.0468739
1071.31	0.0503962
1072.47	0.0477434
1073.63	0.0584778
1074.79	0.070123
1075.95	0.0730489
1077.11	0.0627519
1078.27	0.0791787
1079.43	0.0542601
1080.59	0.0415572
1081.75	0.0684735
1082.91	0.0396157
1084.07	0.0505124
1085.23	0.063325
1086.39	0.0571622
1087.56	0.0563395
1088.72	0.0465049
1089.88	0.0582693
1091.04	0.0684793
1092.2	0.0587085
1093.36	0.0502736
1094.52	0.0461683
1095.68	0.0506164
1096.84	0.0627053
1098	0.0622885
1099.16	0.0509188
1100.32	0.0368885
1101.48	0.0632695
1102.64	0.0501665
1103.8	0.0661094
1104.96	0.0517339
1106.12	0.0494932
1107.28	0.0609821
1108.44	0.0831067
1109.6	0.0671003
1110.76	0.0610536
1111.92	0.0633625
1113.09	0.0423465
1114.25	0.0487191
1115.41	0.0349192
1116.57	0.0774144
1117.73	0.0754779
1118.89	0.0642219
1120.05	0.0617357
1121.21	0.0449609
1122.37	0.0583773
1123.53	0.078589
1124.69	0.0620755
1125.85	0.0552125
1127.01	0.0433773
1128.17	0.0748615
1129.33	0.0604595
1130.49	0.0436965
1131.65	0.0521262
1132.81	0.0487
1133.97	0.0602661
1135.13	0.0637668
1136.29	0.0567727
1137.45	0.0696885
1138.62	0.062821
1139.78	0.0727728
1140.94	0.0586962
1142.1	0.0928417
1143.26	0.0568659
1144.42	0.0536016
1145.58	0.0524981
1146.74	0.0607798
1147.9	0.0458241
1149.06	0.0660975
1150.22	0.0442333
1151.38	0.0650397
1152.54	0.0500495
1153.7	0.0598903
1154.86	0.0698923
1156.02	0.0870332
1157.18	0.0533613
1158.34	0.0627892
1159.5	0.0572083
1160.66	0.0559035
1161.82	0.0576113
1162.99	0.0731634
1164.15	0.0602067
1165.31	0.0877478
1166.47	0.0695849
1167.63	0.0554984
1168.79	0.062108
1169.95	0.0579363
1171.11	0.0741385
1172.27	0.0499364
1173.43	0.0531045
1174.59	0.0607918
1175.75	0.0737337
1176.91	0.0794355
1178.07	0.0811147
1179.23	0.0728156
1180.39	0.066901
1181.55	0.0758926
1182.71	0.056722
1183.87	0.0499454
1185.03	0.0729878
1186.19	0.0587986
1187.35	0.0684409
1188.52	0.0705337
1189.68	0.072067
1190.84	0.0792172
1192	0.0784188
1193.16	0.0723121
1194.32	0.0662115
1195.48	0.0719845
1196.64	0.0652259
1197.8	0.0695108
1198.96	0.0979501
1200.12	0.0738898
1201.28	0.0768766
1202.44	0.0656322
1203.6	0.0832076
1204.76	0.0809366
1205.92	0.0813418
1207.08	0.0761592
1208.24	0.084702
1209.4	0.0874348
1210.56	0.0779152
1211.72	0.0743128
1212.89	0.0847883
1214.05	0.0671942
1215.21	0.069458
1216.37	0.0765166
1217.53	0.0600581
1218.69	0.0861801
1219.85	0.0687182
1221.01	0.0740867
1222.17	0.0771346
1223.33	0.080138
1224.49	0.0767985
1225.65	0.080064
1226.81	0.0806572
1227.97	0.0773127
1229.13	0.0745946
1230.29	0.0936994
1231.45	0.0624139
1232.61	0.0819898
1233.77	0.0799632
1234.93	0.0894623
1236.09	0.0713711
1237.25	0.081574
1238.42	0.086225
1239.58	0.0986456
1240.74	0.0919834
1241.9	0.0775645
1243.06	0.0852844
1244.22	0.0998024
1245.38	0.0797406
1246.54	0.0917931
1247.7	0.0933454
1248.86	0.0904626
1250.02	0.12219
1251.18	0.092046
1252.34	0.101642
1253.5	0.0904848
1254.66	0.104461
1255.82	0.108963
1256.98	0.0954819
1258.14	0.101959
1259.3	0.094737
1260.46	0.0934709
1261.62	0.116551
1262.79	0.101956
1263.95	0.0847206
1265.11	0.12792
1266.27	0.103707
1267.43	0.110781
1268.59	0.131227
1269.75	0.115033
1270.91	0.116513
1272.07	0.107626
1273.23	0.105391
1274.39	0.121979
1275.55	0.129252
1276.71	0.130741
1277.87	0.12502
1279.03	0.132271
1280.19	0.116027
1281.35	0.141431
1282.51	0.140979
1283.67	0.161748
1284.83	0.14485
1285.99	0.138236
1287.15	0.150174
1288.32	0.150561
1289.48	0.16149
1290.64	0.160872
1291.8	0.151627
1292.96	0.151668
1294.12	0.174638
1295.28	0.19002
1296.44	0.18137
1297.6	0.193319
1298.76	0.200158
1299.92	0.197791
1301.08	0.192336
1302.24	0.208074
1303.4	0.224131
1304.56	0.223616
1305.72	0.232395
1306.88	0.227241
1308.04	0.237178
1309.2	0.245754
1310.36	0.254598
1311.52	0.275416
1312.69	0.249373
1313.85	0.282769
1315.01	0.291826
1316.17	0.289632
1317.33	0.321389
1318.49	0.319377
1319.65	0.335658
1320.81	0.371005
1321.97	0.376612
1323.13	0.386979
1324.29	0.400508
1325.45	0.411271
1326.61	0.449883
1327.77	0.455625
1328.93	0.458543
1330.09	0.471153
1331.25	0.510561
1332.41	0.524615
1333.57	0.531601
1334.73	0.571195
1335.89	0.585374
1337.05	0.614465
1338.22	0.634379
1339.38	0.644129
1340.54	0.67595
1341.7	0.682902
1342.86	0.700338
1344.02	0.714331
1345.18	0.74384
1346.34	0.740204
1347.5	0.76457
1348.66	0.773684
1349.82	0.750508
1350.98	0.727723
1352.14	0.763434
1353.3	0.742747
1354.46	0.727974
1355.62	0.718739
1356.78	0.706266
1357.94	0.707277
1359.1	0.67822
1360.26	0.670524
1361.42	0.642762
1362.59	0.614221
1363.75	0.592534
1364.91	0.581051
1366.07	0.562715
1367.23	0.543808
1368.39	0.510954
1369.55	0.495562
1370.71	0.480493
1371.87	0.452321
1373.03	0.427031
1374.19	0.413275
1375.35	0.402638
1376.51	0.396135
1377.67	0.387316
1378.83	0.347113
1379.99	0.341361
1381.15	0.331109
1382.31	0.330653
1383.47	0.30608
1384.63	0.296327
1385.79	0.276347
1386.95	0.285694
1388.12	0.270159
1389.28	0.256639
1390.44	0.252457
1391.6	0.258633
1392.76	0.23004
1393.92	0.224788
1395.08	0.239211
1396.24	0.221277
1397.4	0.221374
1398.56	0.213158
1399.72	0.20354
1400.88	0.195436
1402.04	0.202516
1403.2	0.201348
1404.36	0.196318
1405.52	0.169589
1406.68	0.190662
1407.84	0.170394
1409	0.162965
1410.16	0.165534
1411.32	0.172413
1412.48	0.166533
1413.65	0.155745
1414.81	0.163984
1415.97	0.154444
1417.13	0.144876
1418.29	0.141204
1419.45	0.150175
1420.61	0.143142
1421.77	0.128207
1422.93	0.148524
1424.09	0.133431
1425.25	0.152423
1426.41	0.120824
1427.57	0.131477
1428.73	0.124791
1429.89	0.120615
1431.05	0.124149
1432.21	0.145438
1433.37	0.127944
1434.53	0.117434
1435.69	0.105964
1436.85	0.105992
1438.02	0.116852
1439.18	0.114944
1440.34	0.118155
1441.5	0.0968378
1442.66	0.117855
1443.82	0.128307
1444.98	0.133562
1446.14	0.0977362
1447.3	0.108057
1448.46	0.106959
1449.62	0.116431
1450.78	0.102287
1451.94	0.130858
1453.1	0.114059
1454.26	0.112018
1455.42	0.128839
1456.58	0.11245
1457.74	0.116347
1458.9	0.104606
1460.06	0.098213
1461.22	0.105653
1462.38	0.1335
1463.55	0.117868
1464.71	0.114225
1465.87	0.101692
1467.03	0.120578
1468.19	0.0979321
1469.35	0.0959167
1470.51	0.106111
1471.67	0.131392
1472.83	0.131009
1473.99	0.107735
1475.15	0.105759
1476.31	0.0963879
1477.47	0.113899
1478.63	0.115103
1479.79	0.121782
1480.95	0.123436
1482.11	0.112837
1483.27	0.120895
1484.43	0.108893
1485.59	0.121879
1486.75	0.112089
1487.92	0.122455
1489.08	0.122392
1490.24	0.12009
1491.4	0.128193
1492.56	0.105442
1493.72	0.11145
1494.88	0.120407
1496.04	0.109743
1497.2	0.121236
1498.36	0.122751
1499.52	0.140853
1500.68	0.13051
1501.84	0.140781
1503	0.134981
1504.16	0.128164
1505.32	0.136499
1506.48	0.144186
1507.64	0.150647
1508.8	0.139309
1509.96	0.126179
1511.12	0.127606
1512.28	0.143765
1513.45	0.126015
1514.61	0.169838
1515.77	0.160485
1516.93	0.150932
1518.09	0.149117
1519.25	0.173581
1520.41	0.155422
1521.57	0.159818
1522.73	0.165977
1523.89	0.178622
1525.05	0.187755
1526.21	0.197777
1527.37	0.200857
1528.53	0.195242
1529.69	0.210557
1530.85	0.199071
1532.01	0.193335
1533.17	0.210953
1534.33	0.216108
1535.49	0.224771
1536.65	0.228862
1537.82	0.24169
1538.98	0.260864
1540.14	0.280735
1541.3	0.255849
1542.46	0.270393
1543.62	0.286222
1544.78	0.313415
1545.94	0.316142
1547.1	0.324261
1548.26	0.352923
1549.42	0.37059
1550.58	0.3772
1551.74	0.386757
1552.9	0.416404
1554.06	0.431483
1555.22	0.452934
1556.38	0.473241
1557.54	0.512197
1558.7	0.53165
1559.86	0.567376
1561.02	0.599933
1562.18	0.622377
1563.35	0.645548
1564.51	0.695335
1565.67	0.725218
1566.83	0.783269
1567.99	0.797691
1569.15	0.839133
1570.31	0.872257
1571.47	0.904494
1572.63	0.937173
1573.79	0.974255
1574.95	1.00445
1576.11	1.03419
1577.27	1.04381
1578.43	1.04818
1579.59	1.05515
1580.75	1.04412
1581.91	1.06623
1583.07	1.03012
1584.23	1.02531
1585.39	0.993406
1586.55	0.964424
1587.72	0.927598
1588.88	0.885818
1590.04	0.847322
1591.2	0.836756
1592.36	0.782889
1593.52	0.755642
1594.68	0.721677
1595.84	0.66829
1597	0.642576
1598.16	0.606267
1599.32	0.563351
1600.48	0.54385
1601.64	0.52404
1602.8	0.487287
1603.96	0.464746
1605.12	0.443519
1606.28	0.445095
1607.44	0.385754
1608.6	0.390534
1609.76	0.365631
1610.92	0.345551
1612.08	0.334039
1613.25	0.329344
1614.41	0.31669
1615.57	0.298935
1616.73	0.296426
1617.89	0.287346
1619.05	0.272662
1620.21	0.249509
1621.37	0.250974
1622.53	0.242622
1623.69	0.221578
1624.85	0.206611
1626.01	0.195083
1627.17	0.209417
1628.33	0.205482
1629.49	0.184814
1630.65	0.201547
1631.81	0.187366
1632.97	0.194377
1634.13	0.17989
1635.29	0.161068
1636.45	0.172091
1637.62	0.1702
1638.78	0.154214
1639.94	0.141648
1641.1	0.153628
1642.26	0.139338
1643.42	0.157431
1644.58	0.139173
1645.74	0.15765
1646.9	0.116451
1648.06	0.13645
1649.22	0.146921
1650.38	0.121357
1651.54	0.126403
1652.7	0.121795
1653.86	0.11691
1655.02	0.124202
1656.18	0.106892
1657.34	0.116903
1658.5	0.121413
1659.66	0.112412
1660.82	0.102936
1661.98	0.121677
1663.15	0.117175
1664.31	0.098014
1665.47	0.0940919
1666.63	0.0961719
1667.79	0.109851
1668.95	0.105907
1670.11	0.109849
1671.27	0.0975259
1672.43	0.0904195
1673.59	0.107773
1674.75	0.0920045
1675.91	0.0983938
1677.07	0.0800519
1678.23	0.0889079
1679.39	0.103785
1680.55	0.0856434
1681.71	0.100094
1682.87	0.0678084
1684.03	0.0847202
1685.19	0.0878208
1686.35	0.106204
1687.52	0.0763544
1688.68	0.0940436
1689.84	0.0972125
1691	0.0787581
1692.16	0.0815869
1693.32	0.0861063
1694.48	0.069261
1695.64	0.0789279
1696.8	0.0956597
1697.96	0.0875609
1699.12	0.080218
1700.28	0.0823822
1701.44	0.0865409
1702.6	0.0879501
1703.76	0.0741694
1704.92	0.0946012
1706.08	0.0919503
1707.24	0.0851042
1708.4	0.0694584
1709.56	0.0672533
1710.72	0.073768
1711.88	0.0772305
1713.05	0.0585369
1714.21	0.0807775
1715.37	0.0883235
1716.53	0.080841
1717.69	0.067952
1718.85	0.0664133
1720.01	0.077009
1721.17	0.0721387
1722.33	0.0777711
1723.49	0.0790345
1724.65	0.0836201
1725.81	0.061071
1726.97	0.0743064
1728.13	0.0681601
1729.29	0.0705196
1730.45	0.0798675
1731.61	0.0806782
1732.77	0.0846609
1733.93	0.0746677
1735.09	0.0690525
1736.25	0.0673703
1737.41	0.0523031
1738.58	0.0828048
1739.74	0.0659503
1740.9	0.073995
1742.06	0.0754974
1743.22	0.0560303
1744.38	0.0590305
1745.54	0.0835191
1746.7	0.0707424
1747.86	0.0618255
1749.02	0.0661652
1750.18	0.0780923
1751.34	0.0763781
1752.5	0.0521829
1753.66	0.082999
1754.82	0.0761336
1755.98	0.0647668
1757.14	0.0541971
1758.3	0.0764805
1759.46	0.070534
1760.62	0.0510241
1761.78	0.0631167
1762.95	0.0965376
1764.11	0.0652822
1765.27	0.0575417
1766.43	0.0547233
1767.59	0.0823789
1768.75	0.0729877
1769.91	0.0784394
1771.07	0.0667042
1772.23	0.0766223
1773.39	0.0554611
1774.55	0.0654348
1775.71	0.0665462
1776.87	0.0773692
1778.03	0.0666045
1779.19	0.0570344
1780.35	0.0638057
1781.51	0.0462784
1782.67	0.0397125
1783.83	0.0711171
1784.99	0.0589397
1786.15	0.0599583
1787.31	0.0707692
1788.48	0.0763188
1789.64	0.0675843
1790.8	0.0814126
1791.96	0.067053
1793.12	0.064944
1794.28	0.0642232
1795.44	0.0488634
1796.6	0.071179
1797.76	0.0370664
1798.92	0.0555622
1800.08	0.0615591
1801.24	0.0533387
1802.4	0.0566266
1803.56	0.0794473
1804.72	0.0720044
1805.88	0.0540178
1807.04	0.0560937
1808.2	0.0479339
1809.36	0.0676697
1810.52	0.0580394
1811.68	0.0407904
1812.85	0.0613823
1814.01	0.0646848
1815.17	0.0698481
1816.33	0.059406
1817.49	0.0563368
1818.65	0.0798511
1819.81	0.0599804
1820.97	0.0670373
1822.13	0.0543744
1823.29	0.066598
1824.45	0.0450727
1825.61	0.0549394
1826.77	0.0474093
1827.93	0.0533753
1829.09	0.0718636
1830.25	0.0531704
1831.41	0.0664119
1832.57	0.0743385
1833.73	0.0588274
1834.89	0.0689791
1836.05	0.0642913
1837.21	0.0600846
1838.38	0.0663641
1839.54	0.0772017
1840.7	0.0523718
1841.86	0.0490955
1843.02	0.048452
1844.18	0.0685199
1845.34	0.0698144
1846.5	0.0530963
1847.66	0.0370531
1848.82	0.0516129
1849.98	0.0637869
1851.14	0.0575897
1852.3	0.0600097
1853.46	0.0529227
1854.62	0.0682475
1855.78	0.0614897
1856.94	0.0638742
1858.1	0.0595526
1859.26	0.0631586
1860.42	0.0624542
1861.58	0.0485419
1862.75	0.0615079
1863.91	0.0656477
1865.07	0.0692398
1866.23	0.0618058
1867.39	0.0479492
1868.55	0.0494459
1869.71	0.0531656
1870.87	0.0593702
1872.03	0.0562121
1873.19	0.0461566
1874.35	0.0460567
1875.51	0.0363291
1876.67	0.0260805
1877.83	0.0559189
1878.99	0.0804008
1880.15	0.0751286
1881.31	0.0473413
1882.47	0.0585859
1883.63	0.0424047
1884.79	0.0438935
1885.95	0.0450043
1887.11	0.054689
1888.28	0.0550847
1889.44	0.0594021
1890.6	0.0634734
1891.76	0.053439
1892.92	0.0571368
1894.08	0.0458039
1895.24	0.0432648
1896.4	0.0416882
1897.56	0.0631388
1898.72	0.0532361
1899.88	0.0378732
1901.04	0.0559231
1902.2	0.0440357
1903.36	0.0730979
1904.52	0.0506765
1905.68	0.0632508
1906.84	0.0672966
1908	0.0468293
1909.16	0.057111
1910.32	0.0618575
1911.48	0.0574509
1912.65	0.0598793
1913.81	0.0429453
1914.97	0.0617554
1916.13	0.0513273
1917.29	0.0596576
1918.45	0.0653374
1919.61	0.0628003
1920.77	0.0595744
1921.93	0.0624838
1923.09	0.0629222
1924.25	0.070969
1925.41	0.0556496
1926.57	0.0576061
1927.73	0.0652639
1928.89	0.0510164
1930.05	0.0425448
1931.21	0.0608072
1932.37	0.0537925
1933.53	0.0437554
1934.69	0.0608144
1935.85	0.0700988
1937.01	0.0394688
1938.18	0.0659685
1939.34	0.0303538
1940.5	0.0517011
1941.66	0.0740889
1942.82	0.0523804
1943.98	0.0565432
1945.14	0.0632529
1946.3	0.0384402
1947.46	0.0563067
1948.62	0.056209
1949.78	0.0741714
1950.94	0.0431723
1952.1	0.0516961
1953.26	0.0462099
1954.42	0.0451315
1955.58	0.0667321
1956.74	0.0557071
1957.9	0.0498678
1959.06	0.050228
1960.22	0.0497574
1961.38	0.050635
1962.55	0.0427122
1963.71	0.0527532
1964.87	0.0517324
1966.03	0.0477307
1967.19	0.0568435
1968.35	0.0576765
1969.51	0.0496959
1970.67	0.053806
1971.83	0.0768187
1972.99	0.0764221
1974.15	0.0446623
1975.31	0.0460444
1976.47	0.0445807
1977.63	0.0657313
1978.79	0.0511617
1979.95	0.0575301
1981.11	0.0750896
1982.27	0.055002
1983.43	0.062156
1984.59	0.0602847
1985.75	0.0491856
1986.91	0.0656467
1988.08	0.0465456
1989.24	0.0684292
1990.4	0.0491437
1991.56	0.0502266
1992.72	0.0441095
1993.88	0.0457402
1995.04	0.0507036
1996.2	0.0306464
1997.36	0.0526154
1998.52	0.0498579
1999.68	0.0628268
2000.84	0.0591458
2002	0.047829
2003.16	0.0503094
2004.32	0.0525384
2005.48	0.069734
2006.64	0.0466414
2007.8	0.047657
2008.96	0.043559
2010.12	0.0400149
2011.28	0.0578958
2012.44	0.0568455
2013.61	0.0676349
2014.77	0.0652124
2015.93	0.0787606
2017.09	0.0540419
2018.25	0.0521667
2019.41	0.0417613
2020.57	0.0617209
2021.73	0.0559323
2022.89	0.0612515
2024.05	0.0433396
2025.21	0.0582391
2026.37	0.0567674
2027.53	0.0560981
2028.69	0.0478677
2029.85	0.0665863
2031.01	0.0751889
2032.17	0.0435753
2033.33	0.0618763
2034.49	0.0258865
2035.65	0.0613444
2036.81	0.0359502
2037.98	0.0493956
2039.14	0.0415087
2040.3	0.0524767
2041.46	0.0630146
2042.62	0.0360476
2043.78	0.0510201
2044.94	0.0494755
2046.1	0.070414
2047.26	0.0589157
2048.42	0.0428205
2049.58	0.0498745
2050.74	0.0701433
2051.9	0.0617209
2053.06	0.04539
2054.22	0.0518969
2055.38	0.0522118
2056.54	0.0491785
2057.7	0.0374518
2058.86	0.0477734
2060.02	0.0684373
2061.18	0.0507298
2062.34	0.0535047
2063.51	0.0559386
2064.67	0.076711
2065.83	0.0546147
2066.99	0.0654618
2068.15	0.0485371
2069.31	0.0519216
2070.47	0.0546379
2071.63	0.0467679
2072.79	0.0524691
2073.95	0.0633839
2075.11	0.0464969
2076.27	0.0544988
2077.43	0.0615826
2078.59	0.0462482
2079.75	0.0654446
2080.91	0.0552171
2082.07	0.0528349
2083.23	0.0344026
2084.39	0.050746
2085.55	0.0581962
2086.71	0.071932
2087.88	0.0601559
2089.04	0.0657376
2090.2	0.042383
2091.36	0.0532045
2092.52	0.066679
2093.68	0.0455932
2094.84	0.0641217
2096	0.0618018
2097.16	0.0572151
2098.32	0.0511802
2099.48	0.0446037
2100.64	0.07222
2101.8	0.0607844
2102.96	0.0578717
2104.12	0.0503369
2105.28	0.0548441
2106.44	0.0561126
2107.6	0.0584644
2108.76	0.0618093
2109.92	0.0466415
2111.08	0.0398007
2112.24	0.0553101
2113.41	0.0369958
2114.57	0.0512322
2115.73	0.0493778
2116.89	0.0593881
2118.05	0.0742977
2119.21	0.0350271
2120.37	0.0772161
2121.53	0.0521449
2122.69	0.0579553
2123.85	0.0403305
2125.01	0.0644493
2126.17	0.0548971
2127.33	0.0538696
2128.49	0.0351125
2129.65	0.0552265
2130.81	0.062949
2131.97	0.0521303
2133.13	0.0662375
2134.29	0.0658271
2135.45	0.0480898
2136.61	0.0704547
2137.78	0.0549594
2138.94	0.0550069
2140.1	0.0555023
2141.26	0.0552089
2142.42	0.0282177
2143.58	0.0526674
2144.74	0.0408865
2145.9	0.0707929
2147.06	0.0703942
2148.22	0.0630566
2149.38	0.0521564
2150.54	0.044465
2151.7	0.0479735
2152.86	0.07398
2154.02	0.047636
2155.18	0.0310065
2156.34	0.0648688
2157.5	0.0695769
2158.66	0.0711688
2159.82	0.0649651
2160.98	0.0666018
2162.14	0.0551211
2163.31	0.0338341
2164.47	0.0548813
2165.63	0.0608237
2166.79	0.0532609
2167.95	0.0528109
2169.11	0.0449839
2170.27	0.0446137
2171.43	0.0730186
2172.59	0.0733868
2173.75	0.0546231
2174.91	0.0574713
2176.07	0.044854
2177.23	0.061095
2178.39	0.0722725
2179.55	0.0393906
2180.71	0.0593287
2181.87	0.0600872
2183.03	0.0599803
2184.19	0.0711398
2185.35	0.0750793
2186.51	0.0523918
2187.68	0.0614661
2188.84	0.0555846
2190	0.0484291
2191.16	0.0574665
2192.32	0.0614815
2193.48	0.0569442
2194.64	0.0459715
2195.8	0.0501564
2196.96	0.0502416
2198.12	0.0463851
2199.28	0.0579539
2200.44	0.0590088
2201.6	0.0646321
2202.76	0.04627
2203.92	0.049081
2205.08	0.0704111
2206.24	0.0532302
2207.4	0.0551864
2208.56	0.0531441
2209.72	0.0662356
2210.88	0.0666337
2212.04	0.0660581
2213.21	0.0552023
2214.37	0.046223
2215.53	0.0742103
2216.69	0.0635323
2217.85	0.0504138
2219.01	0.0692298
2220.17	0.049647
2221.33	0.0691217
2222.49	0.0698092
2223.65	0.0458234
2224.81	0.0608679
2225.97	0.0628843
2227.13	0.0812238
2228.29	0.0476642
2229.45	0.0694253
2230.61	0.0552861
2231.77	0.0427119
2232.93	0.0539387
2234.09	0.0551765
2235.25	0.0445763
2236.41	0.0583005
2237.58	0.0647706
2238.74	0.0575884
2239.9	0.049802
2241.06	0.0537499
2242.22	0.0552035
2243.38	0.0574367
2244.54	0.0663765
2245.7	0.0580124
2246.86	0.0412811
2248.02	0.0497001
2249.18	0.0569989
2250.34	0.0665954
2251.5	0.0683484
2252.66	0.0731327
2253.82	0.0567081
2254.98	0.0630513
2256.14	0.04089
2257.3	0.05975
2258.46	0.0447154
2259.62	0.0548596
2260.78	0.0858006
2261.94	0.0585551
2263.11	0.046899
2264.27	0.0596328
2265.43	0.0504021
2266.59	0.0459836
2267.75	0.0766407
2268.91	0.066296
2270.07	0.059102
2271.23	0.0517473
2272.39	0.0525768
2273.55	0.0711289
2274.71	0.0587894
2275.87	0.0249154
2277.03	0.0799728
2278.19	0.0576142
2279.35	0.0592377
2280.51	0.0666916
2281.67	0.0604995
2282.83	0.0633357
2283.99	0.0516507
2285.15	0.0436115
2286.31	0.0587335
2287.47	0.0702693
2288.64	0.0494974
2289.8	0.0487176
2290.96	0.0682308
2292.12	0.0514711
2293.28	0.0519611
2294.44	0.0523587
2295.6	0.055464
2296.76	0.0404014
2297.92	0.0507685
2299.08	0.05849
2300.24	0.0584434
2301.4	0.067816
2302.56	0.0746552
2303.72	0.0714116
2304.88	0.065459
2306.04	0.0548512
2307.2	0.0501341
2308.36	0.0565702
2309.52	0.0622741
2310.68	0.0646648
2311.84	0.0627037
2313.01	0.0552888
2314.17	0.0643972
2315.33	0.0691657
2316.49	0.0653872
2317.65	0.0562943
2318.81	0.0483052
2319.97	0.0480976
2321.13	0.0498909
2322.29	0.059304
2323.45	0.0619618
2324.61	0.0426492
2325.77	0.0517857
2326.93	0.05929
2328.09	0.0478922
2329.25	0.0612602
2330.41	0.0538793
2331.57	0.0497522
2332.73	0.0575517
2333.89	0.060976
2335.05	0.0486018
2336.21	0.0546952
2337.37	0.0618328
2338.54	0.0495701
2339.7	0.0406488
2340.86	0.0418964
2342.02	0.0531178
2343.18	0.0441506
2344.34	0.0538945
2345.5	0.0740585
2346.66	0.0436609
2347.82	0.054659
2348.98	0.0788466
2350.14	0.0616439
2351.3	0.0539247
2352.46	0.056073
2353.62	0.0619757
2354.78	0.0746806
2355.94	0.0524555
2357.1	0.0502295
2358.26	0.0440596
2359.42	0.0589212
2360.58	0.0438764
2361.74	0.053339
2362.91	0.048934
2364.07	0.0688065
2365.23	0.0530263
2366.39	0.062125
2367.55	0.0421608
2368.71	0.0595633
2369.87	0.0462636
2371.03	0.0540863
2372.19	0.0805029
2373.35	0.0677612
2374.51	0.0572045
2375.67	0.0905278
2376.83	0.049437
2377.99	0.0702918
2379.15	0.0433643
2380.31	0.0563039
2381.47	0.0453179
2382.63	0.0614218
2383.79	0.0594626
2384.95	0.0558808
2386.11	0.0699331
2387.27	0.0533973
2388.44	0.0623933
2389.6	0.0673874
2390.76	0.0444074
2391.92	0.0518139
2393.08	0.0598958
2394.24	0.0657185
2395.4	0.0736899
2396.56	0.05738
2397.72	0.056436
2398.88	0.0509375
2400.04	0.0630268
2401.2	0.05682
2402.36	0.0571159
2403.52	0.0589831
2404.68	0.0655049
2405.84	0.0544187
2407	0.0524027
2408.16	0.0645105
2409.32	0.030006
2410.48	0.0542972
2411.64	0.0488925
2412.81	0.0725107
2413.97	0.0561423
2415.13	0.0550188
2416.29	0.060215
2417.45	0.0548237
2418.61	0.0568281
2419.77	0.0619038
2420.93	0.0567915
2422.09	0.0567999
2423.25	0.0510716
2424.41	0.0497176
2425.57	0.061945
2426.73	0.064489
2427.89	0.0472268
2429.05	0.0691943
2430.21	0.069323
2431.37	0.0715183
2432.53	0.0648602
2433.69	0.0683233
2434.85	0.0838951
2436.01	0.0591231
2437.17	0.0517762
2438.34	0.0469886
2439.5	0.0799833
2440.66	0.0802131
2441.82	0.0533792
2442.98	0.0554533
2444.14	0.0595894
2445.3	0.075176
2446.46	0.0501659
2447.62	0.0434797
2448.78	0.0849295
2449.94	0.0664881
2451.1	0.06802
2452.26	0.0615378
2453.42	0.0683614
2454.58	0.0486777
2455.74	0.0555284
2456.9	0.0651088
2458.06	0.0414695
2459.22	0.0612762
2460.38	0.0607845
2461.54	0.0615258
2462.71	0.0591703
2463.87	0.0548524
2465.03	0.0467232
2466.19	0.066525
2467.35	0.0622124
2468.51	0.0515988
2469.67	0.0661171
2470.83	0.0626844
2471.99	0.061168
2473.15	0.0443558
2474.31	0.0729011
2475.47	0.0538939
2476.63	0.0670103
2477.79	0.0584505
2478.95	0.062804
2480.11	0.0783746
2481.27	0.0723307
2482.43	0.0784804
2483.59	0.0706519
2484.75	0.0714801
2485.91	0.0498807
2487.07	0.064693
2488.24	0.065798
2489.4	0.0804656
2490.56	0.0633514
2491.72	0.07125
2492.88	0.0710497
2494.04	0.0805628
2495.2	0.0678456
2496.36	0.0776612
2497.52	0.0525383
2498.68	0.0536538
2499.84	0.047171
2501	0.0780784
2502.16	0.0771728
2503.32	0.0796257
2504.48	0.064109
2505.64	0.0654761
2506.8	0.070134
2507.96	0.0860184
2509.12	0.0887608
2510.28	0.080006
2511.44	0.0756277
2512.61	0.0859254
2513.77	0.0702717
2514.93	0.0691839
2516.09	0.0720711
2517.25	0.063847
2518.41	0.0721618
2519.57	0.0630206
2520.73	0.0847328
2521.89	0.080213
2523.05	0.0893705
2524.21	0.0590865
2525.37	0.0947064
2526.53	0.0602807
2527.69	0.0643444
2528.85	0.0704474
2530.01	0.0900673
2531.17	0.0795868
2532.33	0.0752403
2533.49	0.0701067
2534.65	0.064635
2535.81	0.0900891
2536.97	0.0871251
2538.14	0.0930466
2539.3	0.0838814
2540.46	0.0538912
2541.62	0.0682736
2542.78	0.0857837
2543.94	0.0778619
2545.1	0.0764036
2546.26	0.0714017
2547.42	0.0923612
2548.58	0.0879081
2549.74	0.0888287
2550.9	0.0779615
2552.06	0.0865515
2553.22	0.0719128
2554.38	0.0845049
2555.54	0.0610479
2556.7	0.0711816
2557.86	0.0841872
2559.02	0.111721
2560.18	0.0705351
2561.34	0.0766921
2562.51	0.0918945
2563.67	0.108034
2564.83	0.0929879
2565.99	0.098629
2567.15	0.088888
2568.31	0.0878298
2569.47	0.0944459
2570.63	0.0877456
2571.79	0.102293
2572.95	0.0797262
2574.11	0.105446
2575.27	0.0977148
2576.43	0.0959694
2577.59	0.0825015
2578.75	0.0899687
2579.91	0.11261
2581.07	0.0994153
2582.23	0.105186
2583.39	0.0945309
2584.55	0.103984
2585.71	0.0915259
2586.87	0.107245
2588.04	0.110978
2589.2	0.11153
2590.36	0.10037
2591.52	0.107096
2592.68	0.117029
2593.84	0.110715
2595	0.111161
2596.16	0.134308
2597.32	0.107037
2598.48	0.128661
2599.64	0.107657
2600.8	0.127138
2601.96	0.129097
2603.12	0.11838
2604.28	0.11282
2605.44	0.106846
2606.6	0.122002
2607.76	0.135065
2608.92	0.120727
2610.08	0.134225
2611.24	0.120297
2612.4	0.134584
2613.57	0.127372
2614.73	0.140042
2615.89	0.137853
2617.05	0.133066
2618.21	0.140555
2619.37	0.140046
2620.53	0.138565
2621.69	0.164924
2622.85	0.152964
2624.01	0.137095
2625.17	0.155521
2626.33	0.173624
2627.49	0.159678
2628.65	0.185179
2629.81	0.164643
2630.97	0.181354
2632.13	0.189902
2633.29	0.187364
2634.45	0.172558
2635.61	0.180438
2636.77	0.205245
2637.94	0.189309
2639.1	0.211054
2640.26	0.201074
2641.42	0.211013
2642.58	0.200107
2643.74	0.212406
2644.9	0.214414
2646.06	0.230264
2647.22	0.233948
2648.38	0.242823
2649.54	0.23865
2650.7	0.239793
2651.86	0.256651
2653.02	0.250448
2654.18	0.277644
2655.34	0.27203
2656.5	0.276433
2657.66	0.291042
2658.82	0.29259
2659.98	0.283917
2661.14	0.297237
2662.3	0.325992
2663.47	0.324026
2664.63	0.314348
2665.79	0.342861
2666.95	0.342118
2668.11	0.347521
2669.27	0.353546
2670.43	0.383885
2671.59	0.363267
2672.75	0.383709
2673.91	0.402553
2675.07	0.426483
2676.23	0.425637
2677.39	0.421057
2678.55	0.454214
2679.71	0.434719
2680.87	0.460175
2682.03	0.471509
2683.19	0.466738
2684.35	0.4912
2685.51	0.487462
2686.67	0.507577
2687.84	0.489844
2689	0.518739
2690.16	0.517894
2691.32	0.539561
2692.48	0.533044
2693.64	0.550719
2694.8	0.547324
2695.96	0.544234
2697.12	0.555857
2698.28	0.557577
2699.44	0.55518
2700.6	0.527523
2701.76	0.539765
2702.92	0.561745
2704.08	0.532843
2705.24	0.550936
2706.4	0.545127
2707.56	0.526036
2708.72	0.507897
2709.88	0.516088
2711.04	0.535911
2712.2	0.49933
2713.37	0.492388
2714.53	0.482315
2715.69	0.496048
2716.85	0.472785
2718.01	0.460028
2719.17	0.471304
2720.33	0.453706
2721.49	0.429365
2722.65	0.416915
2723.81	0.431311
2724.97	0.410497
2726.13	0.385491
2727.29	0.373885
2728.45	0.371395
2729.61	0.361127
2730.77	0.344174
2731.93	0.344914
2733.09	0.338167
2734.25	0.334365
2735.41	0.347749
2736.57	0.32018
2737.74	0.313405
2738.9	0.312615
2740.06	0.2978
2741.22	0.297037
2742.38	0.288912
2743.54	0.280612
2744.7	0.300536
2745.86	0.275672
2747.02	0.249632
2748.18	0.258236
2749.34	0.240893
2750.5	0.247736
2751.66	0.224167
2752.82	0.221665
2753.98	0.231177
2755.14	0.232878
2756.3	0.223252
2757.46	0.222249
2758.62	0.21308
2759.78	0.206848
2760.94	0.196009
2762.1	0.205236
2763.27	0.203547
2764.43	0.188986
2765.59	0.184891
2766.75	0.198535
2767.91	0.179093
2769.07	0.176839
2770.23	0.177816
2771.39	0.168989
2772.55	0.158855
2773.71	0.168024
2774.87	0.161134
2776.03	0.177309
2777.19	0.16422
2778.35	0.147911
2779.51	0.158766
2780.67	0.152238
2781.83	0.16001
2782.99	0.139497
2784.15	0.144522
2785.31	0.139602
2786.47	0.139198
2787.64	0.127842
2788.8	0.140591
2789.96	0.137205
2791.12	0.144126
2792.28	0.129472
2793.44	0.123803
2794.6	0.134212
2795.76	0.116821
2796.92	0.134101
2798.08	0.132611
2799.24	0.132928
2800.4	0.122735
2801.56	0.112755
2802.72	0.117401
2803.88	0.118836
2805.04	0.108194
2806.2	0.12592
2807.36	0.117216
2808.52	0.101351
2809.68	0.12799
2810.84	0.109053
2812	0.0960838
2813.17	0.0976957
2814.33	0.119876
2815.49	0.122274
2816.65	0.113169
2817.81	0.115342
2818.97	0.113412
2820.13	0.105936
2821.29	0.102799
2822.45	0.10407
2823.61	0.105215
2824.77	0.0896428
2825.93	0.103601
2827.09	0.110109
2828.25	0.0927183
2829.41	0.0909264
2830.57	0.0981182
2831.73	0.0861664
2832.89	0.0788211
2834.05	0.102808
2835.21	0.0861783
2836.37	0.0902436
2837.54	0.0833435
2838.7	0.101612
2839.86	0.0967885
2841.02	0.085275
2842.18	0.0753217
2843.34	0.083102
2844.5	0.0917353
2845.66	0.0873941
2846.82	0.0860841
2847.98	0.0866063
2849.14	0.0915842
2850.3	0.0830949
2851.46	0.0875409
2852.62	0.0727088
2853.78	0.107663
2854.94	0.078842
2856.1	0.0832815
2857.26	0.086484
2858.42	0.0762938
2859.58	0.0800707
2860.74	0.0795481
2861.9	0.0700577
2863.07	0.0831984
2864.23	0.0619423
2865.39	0.095591
2866.55	0.0856301
2867.71	0.083735
2868.87	0.0596276
2870.03	0.0687256
2871.19	0.0902077
2872.35	0.117496
2873.51	0.0876066
2874.67	0.0857109
2875.83	0.0802788
2876.99	0.0662474
2878.15	0.0843731
2879.31	0.0631136
2880.47	0.0617295
2881.63	0.060815
2882.79	0.0830275
2883.95	0.072421
2885.11	0.0737335
2886.27	0.0723053
2887.43	0.0609413
2888.6	0.0652347
2889.76	0.0654858
2890.92	0.0573897
2892.08	0.0661568
2893.24	0.0601466
2894.4	0.0765011
2895.56	0.0771027
2896.72	0.0573291
2897.88	0.0670754
2899.04	0.0883823
2900.2	0.0597976
2901.36	0.0736588
2902.52	0.0702382
2903.68	0.0799058
2904.84	0.0717288
2906	0.0642617
2907.16	0.069046
2908.32	0.0689988
2909.48	0.067078
2910.64	0.0546166
2911.8	0.0800543
2912.97	0.0781063
2914.13	0.0568215
2915.29	0.0640803
2916.45	0.0646635
2917.61	0.0551786
2918.77	0.0479078
2919.93	0.0597044
2921.09	0.0626834
2922.25	0.0516745
2923.41	0.0676985
2924.57	0.0774015
2925.73	0.0740405
2926.89	0.0642012
2928.05	0.0469149
2929.21	0.0723291
2930.37	0.0664913
2931.53	0.0691281
2932.69	0.084105
2933.85	0.0563572
2935.01	0.0357204
2936.17	0.0537993
2937.33	0.0690614
2938.5	0.0643392
2939.66	0.0517844
2940.82	0.0496161
2941.98	0.0601416
2943.14	0.0511028
2944.3	0.0686478
2945.46	0.0592066
2946.62	0.0569308
2947.78	0.0555019
2948.94	0.0656001
2950.1	0.0632807
2951.26	0.0647615
2952.42	0.064432
2953.58	0.0617991
2954.74	0.0520814
2955.9	0.055002
2957.06	0.0582536
2958.22	0.0827482
2959.38	0.0485051
2960.54	0.0577023
2961.7	0.0627745
2962.87	0.0586597
2964.03	0.0723351
2965.19	0.058414
2966.35	0.0590584
2967.51	0.0694561
2968.67	0.0793242
2969.83	0.0752004
2970.99	0.0596683
2972.15	0.0604503
2973.31	0.0613244
2974.47	0.06224
2975.63	0.0522103
2976.79	0.0699647
2977.95	0.0625807
2979.11	0.059983
2980.27	0.0476381
2981.43	0.0608913
2982.59	0.0412562
2983.75	0.0542926
2984.91	0.0543999
2986.07	0.0628235
2987.23	0.0786757
2988.4	0.0655207
2989.56	0.074211
2990.72	0.0661054
2991.88	0.0708308
2993.04	0.0780795
2994.2	0.0521186
2995.36	0.0513955
2996.52	0.065985
2997.68	0.0591912
2998.84	0.0613635
3000	0.056606
