# 2theta	I_obs	I_calc	I_bkg
10	0.065251	0.05	0.05
10.0584	0.0521025	0.0500292	0.0500292
10.1168	0.0222001	0.0500584	0.0500584
10.1751	0.0622434	0.0500876	0.0500876
10.2335	0.0285362	0.0501168	0.0501168
10.2919	0.050671	0.050146	0.050146
10.3503	0.0484387	0.0501751	0.0501751
10.4087	0.0289378	0.0502043	0.0502043
10.4671	0.0558211	0.0502335	0.0502335
10.5254	0.0825775	0.0502627	0.0502627
10.5838	0.0456028	0.0502919	0.0502919
10.6422	0.0618093	0.0503211	0.0503211
10.7006	0.0856856	0.0503503	0.0503503
10.759	0.0633187	0.0503795	0.0503795
10.8173	0.040736	0.0504087	0.0504087
10.8757	0.0539931	0.0504379	0.0504379
10.9341	0.0576788	0.0504671	0.0504671
10.9925	0.0720034	0.0504962	0.0504962
11.0509	0.0687362	0.0505254	0.0505254
11.1093	0.00900637	0.0505546	0.0505546
11.1676	0.0377408	0.0505838	0.0505838
11.226	0.0495626	0.050613	0.050613
11.2844	0.0354129	0.0506422	0.0506422
11.3428	-0.00482998	0.0506714	0.0506714
11.4012	0.0398163	0.0507006	0.0507006
11.4595	0.0506756	0.0507298	0.0507298
11.5179	0.0428797	0.050759	0.050759
11.5763	0.035834	0.0507882	0.0507882
11.6347	0.0514393	0.0508173	0.0508173
11.6931	0.0559929	0.0508465	0.0508465
11.7515	0.0438468	0.0508757	0.0508757
11.8098	0.0714811	0.0509049	0.0509049
11.8682	0.0517998	0.0509341	0.0509341
11.9266	0.0378906	0.0509633	0.0509633
11.985	0.0341244	0.0509925	0.0509925
12.0434	0.0478271	0.0510217	0.0510217
12.1018	0.0677522	0.0510509	0.0510509
12.1601	0.0387247	0.0510801	0.0510801
12.2185	0.0600474	0.0511093	0.0511093
12.2769	0.0525568	0.0511384	0.0511384
12.3353	0.0810661	0.0511676	0.0511676
12.3937	0.0570506	0.0511968	0.0511968
12.452	0.0407526	0.051226	0.051226
12.5104	0.0623008	0.0512552	0.0512552
12.5688	0.0628347	0.0512844	0.0512844
12.6272	0.0453584	0.0513136	0.0513136
12.6856	0.0338829	0.0513428	0.0513428
12.744	0.0594125	0.051372	0.051372
12.8023	0.0523539	0.0514012	0.0514012
12.8607	0.0286821	0.0514304	0.0514304
12.9191	0.0552774	0.0514595	0.0514595
12.9775	0.0419338	0.0514887	0.0514887
13.0359	0.0287839	0.0515179	0.0515179
13.0942	0.0462654	0.0515471	0.0515471
13.1526	0.0708201	0.0515763	0.0515763
13.211	0.0697264	0.0516055	0.0516055
13.2694	0.065836	0.0516347	0.0516347
13.3278	0.0557024	0.0516639	0.0516639
13.3862	0.06063	0.0516931	0.0516931
13.4445	0.0532019	0.0517223	0.0517223
13.5029	0.0351757	0.0517515	0.0517515
13.5613	0.0381981	0.0517807	0.0517807
13.6197	0.0427021	0.0518098	0.0518098
13.6781	0.0728594	0.051839	0.051839
13.7364	0.0680186	0.0518682	0.0518682
13.7948	0.0356993	0.0518974	0.0518974
13.8532	0.0527275	0.0519266	0.0519266
13.9116	0.0459167	0.0519558	0.0519558
13.97	0.0496585	0.051985	0.051985
14.0284	0.0439735	0.0520142	0.0520142
14.0867	0.0731287	0.0520434	0.0520434
14.1451	0.051789	0.0520726	0.0520726
14.2035	0.0553441	0.0521018	0.0521018
14.2619	0.0554948	0.0521309	0.0521309
14.3203	0.0367436	0.0521601	0.0521601
14.3786	0.0538176	0.0521893	0.0521893
14.437	0.0681533	0.0522185	0.0522185
14.4954	0.0743381	0.0522477	0.0522477
14.5538	0.0350597	0.0522769	0.0522769
14.6122	0.0295271	0.0523061	0.0523061
14.6706	0.0532673	0.0523353	0.0523353
14.7289	0.0690023	0.0523645	0.0523645
14.7873	0.0577876	0.0523937	0.0523937
14.8457	0.0626273	0.0524229	0.0524229
14.9041	0.0320483	0.052452	0.052452
14.9625	0.0439014	0.0524812	0.0524812
15.0209	0.0195687	0.0525104	0.0525104
15.0792	0.0504023	0.0525396	0.0525396
15.1376	0.0201055	0.0525688	0.0525688
15.196	0.0725879	0.052598	0.052598
15.2544	0.0759495	0.0526272	0.0526272
15.3128	0.054766	0.0526564	0.0526564
15.3711	0.029997	0.0526856	0.0526856
15.4295	0.0583505	0.0527148	0.0527148
15.4879	0.0806309	0.052744	0.052744
15.5463	0.0599092	0.0527731	0.0527731
15.6047	0.0705771	0.0528023	0.0528023
15.6631	0.045554	0.0528315	0.0528315
15.7214	0.0397926	0.0528607	0.0528607
15.7798	0.051827	0.0528899	0.0528899
15.8382	0.0240185	0.0529191	0.0529191
15.8966	0.0869096	0.0529483	0.0529483
15.955	0.0550722	0.0529775	0.0529775
16.0133	0.0660083	0.0530067	0.0530067
16.0717	0.0461132	0.0530359	0.0530359
16.1301	0.0299188	0.0530651	0.0530651
16.1885	0.0744815	0.0530942	0.0530942
16.2469	0.0362619	0.0531234	0.0531234
16.3053	0.0583852	0.0531526	0.0531526
16.3636	0.0598281	0.0531818	0.0531818
16.422	0.0543203	0.053211	0.053211
16.4804	0.0414714	0.0532402	0.0532402
16.5388	0.0510249	0.0532694	0.0532694
16.5972	0.0390478	0.0532986	0.0532986
16.6555	0.0654654	0.0533278	0.0533278
16.7139	0.0619302	0.053357	0.053357
16.7723	0.0530651	0.0533862	0.0533862
16.8307	0.0448901	0.0534153	0.0534153
16.8891	0.0850543	0.0534445	0.0534445
16.9475	0.0339428	0.0534737	0.0534737
17.0058	0.0303337	0.0535029	0.0535029
17.0642	0.052302	0.0535321	0.0535321
17.1226	0.0496906	0.0535613	0.0535613
17.181	0.0700542	0.0535905	0.0535905
17.2394	0.0633114	0.0536197	0.0536197
17.2977	0.0540918	0.0536489	0.0536489
17.3561	0.0611831	0.0536781	0.0536781
17.4145	0.0609397	0.0537073	0.0537073
17.4729	0.0852898	0.0537364	0.0537364
17.5313	0.0575661	0.0537656	0.0537656
17.5897	0.0435787	0.0537948	0.0537948
17.648	0.0568015	0.053824	0.053824
17.7064	0.014573	0.0538532	0.0538532
17.7648	0.0533927	0.0538824	0.0538824
17.8232	0.0703063	0.0539116	0.0539116
17.8816	0.0629735	0.0539408	0.0539408
17.9399	0.0584483	0.05397	0.05397
17.9983	0.0637378	0.0539992	0.0539992
18.0567	0.0705772	0.0540284	0.0540284
18.1151	0.075436	0.0540575	0.0540575
18.1735	0.0607986	0.0540867	0.0540867
18.2319	0.0493743	0.0541159	0.0541159
18.2902	0.0194423	0.0541451	0.0541451
18.3486	0.0688469	0.0541743	0.0541743
18.407	0.0619315	0.0542035	0.0542035
18.4654	0.0565226	0.0542327	0.0542327
18.5238	0.0439411	0.0542619	0.0542619
18.5822	0.0687684	0.0542911	0.0542911
18.6405	0.0504617	0.0543203	0.0543203
18.6989	0.0538331	0.0543495	0.0543495
18.7573	0.0535388	0.0543786	0.0543786
18.8157	0.0611556	0.0544078	0.0544078
18.8741	0.0372076	0.054437	0.054437
18.9324	0.0629045	0.0544662	0.0544662
18.9908	0.0436821	0.0544954	0.0544954
19.0492	0.0442375	0.0545246	0.0545246
19.1076	0.0678324	0.0545538	0.0545538
19.166	0.0396576	0.054583	0.054583
19.2244	0.0678638	0.0546122	0.0546122
19.2827	0.0561619	0.0546414	0.0546414
19.3411	0.0299464	0.0546706	0.0546706
19.3995	0.0751669	0.0546997	0.0546997
19.4579	0.0593827	0.0547289	0.0547289
19.5163	0.06067	0.0547581	0.0547581
19.5746	0.069896	0.0547873	0.0547873
19.633	0.0773048	0.0548165	0.0548165
19.6914	0.0578611	0.0548457	0.0548457
19.7498	0.0641342	0.0548749	0.0548749
19.8082	0.0604719	0.0549041	0.0549041
19.8666	0.0497903	0.0549333	0.0549333
19.9249	0.0312109	0.0549625	0.0549625
19.9833	0.0582155	0.0549917	0.0549917
20.0417	0.0757049	0.0550209	0.0550209
20.1001	0.0638	0.05505	0.05505
20.1585	0.0390679	0.0550792	0.0550792
20.2168	0.0715712	0.0551084	0.0551084
20.2752	0.0504956	0.0551376	0.0551376
20.3336	0.0237864	0.0551668	0.0551668
20.392	0.0704646	0.055196	0.055196
20.4504	0.0410445	0.0552252	0.0552252
20.5088	0.0819653	0.0552544	0.0552544
20.5671	0.0725002	0.0552836	0.0552836
20.6255	0.0518958	0.0553128	0.0553128
20.6839	0.0622323	0.055342	0.055342
20.7423	0.0917299	0.0553711	0.0553711
20.8007	0.0704004	0.0554003	0.0554003
20.859	0.0590025	0.0554295	0.0554295
20.9174	0.098796	0.0554587	0.0554587
20.9758	0.0572516	0.0554879	0.0554879
21.0342	0.0642443	0.0555171	0.0555171
21.0926	0.0415031	0.0555463	0.0555463
21.151	0.0304547	0.0555755	0.0555755
21.2093	0.0512876	0.0556047	0.0556047
21.2677	0.05621	0.0556339	0.0556339
21.3261	0.060602	0.0556631	0.0556631
21.3845	0.0343957	0.0556922	0.0556922
21.4429	0.0656315	0.0557214	0.0557214
21.5013	0.0432948	0.0557506	0.0557506
21.5596	0.0649108	0.0557798	0.0557798
21.618	0.0698329	0.055809	0.055809
21.6764	0.0499056	0.0558382	0.0558382
21.7348	0.0414101	0.0558674	0.0558674
21.7932	0.0790513	0.0558966	0.0558966
21.8515	0.0690195	0.0559258	0.0559258
21.9099	0.0582346	0.055955	0.055955
21.9683	0.0780106	0.0559842	0.0559842
22.0267	0.0572623	0.0560133	0.0560133
22.0851	0.0467349	0.0560425	0.0560425
22.1435	0.0410462	0.0560717	0.0560717
22.2018	0.0544839	0.0561009	0.0561009
22.2602	0.0677059	0.0561301	0.0561301
22.3186	0.0770057	0.0561593	0.0561593
22.377	0.0565411	0.0561885	0.0561885
22.4354	0.0744146	0.0562177	0.0562177
22.4937	0.0530328	0.0562469	0.0562469
22.5521	0.0445521	0.0562761	0.0562761
22.6105	0.0367106	0.0563053	0.0563053
22.6689	0.0487408	0.0563344	0.0563344
22.7273	0.0373338	0.0563636	0.0563636
22.7857	0.0865355	0.0563928	0.0563928
22.844	0.0630115	0.056422	0.056422
22.9024	0.055017	0.0564512	0.0564512
22.9608	0.0823104	0.0564804	0.0564804
23.0192	0.0369756	0.0565096	0.0565096
23.0776	0.0544816	0.0565388	0.0565388
23.1359	0.0865631	0.056568	0.056568
23.1943	0.0544366	0.0565972	0.0565972
23.2527	0.0933286	0.0566264	0.0566264
23.3111	0.0684396	0.0566555	0.0566555
23.3695	0.0762736	0.0566847	0.0566847
23.4279	0.0767374	0.0567139	0.0567139
23.4862	0.0567672	0.0567431	0.0567431
23.5446	0.0494491	0.0567723	0.0567723
23.603	0.0550699	0.0568015	0.0568015
23.6614	0.0420267	0.0568307	0.0568307
23.7198	0.0558704	0.0568599	0.0568599
23.7781	0.056823	0.0568891	0.0568891
23.8365	0.0822568	0.0569183	0.0569183
23.8949	0.0658466	0.0569475	0.0569475
23.9533	0.0924159	0.0569766	0.0569766
24.0117	0.0246127	0.0570058	0.0570058
24.0701	0.0387794	0.057035	0.057035
24.1284	0.051734	0.0570642	0.0570642
24.1868	0.0794808	0.0570934	0.0570934
24.2452	0.0554789	0.0571226	0.0571226
24.3036	0.0351344	0.0571518	0.0571518
24.362	0.0535041	0.057181	0.057181
24.4204	0.0392462	0.0572102	0.0572102
24.4787	0.036335	0.0572394	0.0572394
24.5371	0.087251	0.0572686	0.0572686
24.5955	0.0520236	0.0572977	0.0572977
24.6539	0.0599242	0.0573269	0.0573269
24.7123	0.0559618	0.0573561	0.0573561
24.7706	0.0536129	0.0573853	0.0573853
24.829	0.0448046	0.0574145	0.0574145
24.8874	0.0527842	0.0574437	0.0574437
24.9458	0.0625314	0.0574729	0.0574729
25.0042	0.0787816	0.0575021	0.0575021
25.0626	0.0717428	0.0575313	0.0575313
25.1209	0.0392745	0.0575605	0.0575605
25.1793	0.0724176	0.0575897	0.0575897
25.2377	0.0647504	0.0576188	0.0576188
25.2961	0.0482772	0.057648	0.057648
25.3545	0.0604087	0.0576772	0.0576772
25.4128	0.0662907	0.0577064	0.0577064
25.4712	0.0584414	0.0577356	0.0577356
25.5296	0.0649685	0.0577648	0.0577648
25.588	0.0448497	0.057794	0.057794
25.6464	0.0877157	0.0578232	0.0578232
25.7048	0.0289131	0.0578524	0.0578524
25.7631	0.0665493	0.0578816	0.0578816
25.8215	0.0634122	0.0579108	0.0579108
25.8799	0.0675841	0.0579399	0.0579399
25.9383	0.0473436	0.0579691	0.0579691
25.9967	0.0755363	0.0579983	0.0579983
26.055	0.0564078	0.0580275	0.0580275
26.1134	0.0402635	0.0580567	0.0580567
26.1718	0.0416637	0.0580859	0.0580859
26.2302	0.0599857	0.0581151	0.0581151
26.2886	0.0341965	0.0581443	0.0581443
26.347	0.0851811	0.0581735	0.0581735
26.4053	0.0739365	0.0582027	0.0582027
26.4637	0.0856345	0.0582319	0.0582319
26.5221	0.0840824	0.0582611	0.0582611
26.5805	0.0530116	0.0582902	0.0582902
26.6389	0.0452795	0.0583194	0.0583194
26.6972	0.018182	0.0583486	0.0583486
26.7556	0.0522843	0.0583778	0.0583778
26.814	0.0848918	0.058407	0.058407
26.8724	0.0460184	0.0584362	0.0584362
26.9308	0.0553166	0.0584654	0.0584654
26.9892	0.0501761	0.0584947	0.0584946
27.0475	0.0641491	0.0585242	0.0585238
27.1059	0.0778458	0.0585545	0.058553
27.1643	0.0354989	0.0585871	0.0585822
27.2227	0.03841	0.0586266	0.0586113
27.2811	0.0809845	0.0586852	0.0586405
27.3394	0.0697894	0.0587934	0.0586697
27.3978	0.0551322	0.0590229	0.0586989
27.4562	0.0851384	0.0595321	0.0587281
27.5146	0.0401712	0.0606466	0.0587573
27.573	0.0769586	0.0629904	0.0587865
27.6314	0.0666498	0.0676734	0.0588157
27.6897	0.0856157	0.0765175	0.0588449
27.7481	0.0564553	0.0922625	0.0588741
27.8065	0.114725	0.118635	0.0589033
27.8649	0.171174	0.160122	0.0589324
27.9233	0.220333	0.221283	0.0589616
27.9817	0.324387	0.305557	0.0589908
28.04	0.432003	0.413676	0.05902
28.0984	0.527725	0.542103	0.0590492
28.1568	0.694456	0.682096	0.0590784
28.2152	0.805105	0.819995	0.0591076
28.2736	0.939894	0.939083	0.0591368
28.3319	1.03263	1.02279	0.059166
28.3903	1.04592	1.05845	0.0591952
28.4487	1.05223	1.04042	0.0592244
28.5071	0.964011	0.971591	0.0592535
28.5655	0.853857	0.862568	0.0592827
28.6239	0.739641	0.729041	0.0593119
28.6822	0.575544	0.588084	0.0593411
28.7406	0.441348	0.45465	0.0593703
28.799	0.354839	0.339221	0.0593995
28.8574	0.248631	0.247003	0.0594287
28.9158	0.15671	0.178522	0.0594579
28.9741	0.143887	0.131053	0.0594871
29.0325	0.0941499	0.100249	0.0595163
29.0909	0.0604534	0.0814986	0.0595455
29.1493	0.0331688	0.0707785	0.0595746
29.2077	0.0785695	0.0650183	0.0596038
29.2661	0.049212	0.0621108	0.059633
29.3244	0.0420782	0.0607359	0.0596622
29.3828	0.069723	0.060132	0.0596914
29.4412	0.0719787	0.0598918	0.0597206
29.4996	0.0480062	0.0598128	0.0597498
29.558	0.0734905	0.0598009	0.059779
29.6163	0.0906388	0.0598154	0.0598082
29.6747	0.0800396	0.0598396	0.0598374
29.7331	0.0777331	0.0598672	0.0598666
29.7915	0.0646079	0.0598959	0.0598957
29.8499	0.0532692	0.059925	0.0599249
29.9083	0.0591159	0.0599541	0.0599541
29.9666	0.0665944	0.0599833	0.0599833
30.025	0.0411498	0.0600125	0.0600125
30.0834	0.048501	0.0600417	0.0600417
30.1418	0.0386546	0.0600709	0.0600709
30.2002	0.0636279	0.0601001	0.0601001
30.2585	0.0613751	0.0601293	0.0601293
30.3169	0.0503678	0.0601585	0.0601585
30.3753	0.0724951	0.0601877	0.0601877
30.4337	0.0445478	0.0602168	0.0602168
30.4921	0.0498985	0.060246	0.060246
30.5505	0.0719831	0.0602752	0.0602752
30.6088	0.0742367	0.0603044	0.0603044
30.6672	0.0483977	0.0603336	0.0603336
30.7256	0.0638434	0.0603628	0.0603628
30.784	0.0487099	0.060392	0.060392
30.8424	0.0574611	0.0604212	0.0604212
30.9008	0.0626079	0.0604504	0.0604504
30.9591	0.0688851	0.0604796	0.0604796
31.0175	0.0652721	0.0605088	0.0605088
31.0759	0.0646354	0.0605379	0.0605379
31.1343	0.0443897	0.0605671	0.0605671
31.1927	0.0664205	0.0605963	0.0605963
31.251	0.0688915	0.0606255	0.0606255
31.3094	0.0709887	0.0606547	0.0606547
31.3678	0.0498911	0.0606839	0.0606839
31.4262	0.0744469	0.0607131	0.0607131
31.4846	0.0409838	0.0607423	0.0607423
31.543	0.0543092	0.0607715	0.0607715
31.6013	0.0566679	0.0608007	0.0608007
31.6597	0.0418937	0.0608299	0.0608299
31.7181	0.0564984	0.060859	0.060859
31.7765	0.0642105	0.0608882	0.0608882
31.8349	0.0335308	0.0609174	0.0609174
31.8932	0.0550263	0.0609466	0.0609466
31.9516	0.0347498	0.0609758	0.0609758
32.01	0.0916281	0.061005	0.061005
32.0684	0.0642216	0.0610342	0.0610342
32.1268	0.0629508	0.0610634	0.0610634
32.1852	0.0645737	0.0610926	0.0610926
32.2435	0.0701896	0.0611218	0.0611218
32.3019	0.0758233	0.061151	0.061151
32.3603	0.0377268	0.0611802	0.0611802
32.4187	0.080862	0.0612093	0.0612093
32.4771	0.0799259	0.0612385	0.0612385
32.5354	0.0602725	0.0612677	0.0612677
32.5938	0.059516	0.0612969	0.0612969
32.6522	0.0147847	0.0613261	0.0613261
32.7106	0.0426954	0.0613553	0.0613553
32.769	0.0691672	0.0613845	0.0613845
32.8274	0.0794229	0.0614137	0.0614137
32.8857	0.0723754	0.0614429	0.0614429
32.9441	0.0603363	0.0614721	0.0614721
33.0025	0.0903893	0.0615013	0.0615013
33.0609	0.0766081	0.0615304	0.0615304
33.1193	0.0556522	0.0615596	0.0615596
33.1776	0.0943205	0.0615888	0.0615888
33.236	0.0451755	0.061618	0.061618
33.2944	0.0395696	0.0616472	0.0616472
33.3528	0.0553598	0.0616764	0.0616764
33.4112	0.050326	0.0617056	0.0617056
33.4696	0.0562608	0.0617348	0.0617348
33.5279	0.0737353	0.061764	0.061764
33.5863	0.0612835	0.0617932	0.0617932
33.6447	0.0616979	0.0618224	0.0618224
33.7031	0.0627338	0.0618515	0.0618515
33.7615	0.0271959	0.0618807	0.0618807
33.8198	0.039181	0.0619099	0.0619099
33.8782	0.0561594	0.0619391	0.0619391
33.9366	0.0493244	0.0619683	0.0619683
33.995	0.0585207	0.0619975	0.0619975
34.0534	0.0830886	0.0620267	0.0620267
34.1118	0.0609391	0.0620559	0.0620559
34.1701	0.0422525	0.0620851	0.0620851
34.2285	0.0502178	0.0621143	0.0621143
34.2869	0.0878021	0.0621435	0.0621435
34.3453	0.0851601	0.0621726	0.0621726
34.4037	0.07114	0.0622018	0.0622018
34.4621	0.0387938	0.062231	0.062231
34.5204	0.0668623	0.0622602	0.0622602
34.5788	0.0680449	0.0622894	0.0622894
34.6372	0.0627017	0.0623186	0.0623186
34.6956	0.0537976	0.0623478	0.0623478
34.754	0.0569375	0.062377	0.062377
34.8123	0.0528104	0.0624062	0.0624062
34.8707	0.0452593	0.0624354	0.0624354
34.9291	0.0829544	0.0624646	0.0624646
34.9875	0.0757285	0.0624937	0.0624937
35.0459	0.058249	0.0625229	0.0625229
35.1043	0.0678348	0.0625521	0.0625521
35.1626	0.0684268	0.0625813	0.0625813
35.221	0.0977538	0.0626105	0.0626105
35.2794	0.0757282	0.0626397	0.0626397
35.3378	0.0751904	0.0626689	0.0626689
35.3962	0.0632678	0.0626981	0.0626981
35.4545	0.0562109	0.0627273	0.0627273
35.5129	0.0834971	0.0627565	0.0627565
35.5713	0.0725697	0.0627857	0.0627857
35.6297	0.0503717	0.0628148	0.0628148
35.6881	0.069652	0.062844	0.062844
35.7465	0.075434	0.0628732	0.0628732
35.8048	0.031465	0.0629024	0.0629024
35.8632	0.0490958	0.0629316	0.0629316
35.9216	0.0684023	0.0629608	0.0629608
35.98	0.0341231	0.06299	0.06299
36.0384	0.0365272	0.0630192	0.0630192
36.0967	0.0589914	0.0630484	0.0630484
36.1551	0.0704507	0.0630776	0.0630776
36.2135	0.0711735	0.0631068	0.0631068
36.2719	0.0868719	0.0631359	0.0631359
36.3303	0.0643991	0.0631651	0.0631651
36.3887	0.0576045	0.0631943	0.0631943
36.447	0.0436131	0.0632235	0.0632235
36.5054	0.0574833	0.0632527	0.0632527
36.5638	0.0738948	0.0632819	0.0632819
36.6222	0.0746019	0.0633111	0.0633111
36.6806	0.0673096	0.0633403	0.0633403
36.7389	0.0715762	0.0633695	0.0633695
36.7973	0.0825444	0.0633987	0.0633987
36.8557	0.0645569	0.0634279	0.0634279
36.9141	0.0839668	0.063457	0.063457
36.9725	0.0525865	0.0634862	0.0634862
37.0309	0.0624161	0.0635154	0.0635154
37.0892	0.0563321	0.0635446	0.0635446
37.1476	0.0754644	0.0635738	0.0635738
37.206	0.0483857	0.063603	0.063603
37.2644	0.0588057	0.0636322	0.0636322
37.3228	0.0357662	0.0636614	0.0636614
37.3812	0.0726062	0.0636906	0.0636906
37.4395	0.0824216	0.0637198	0.0637198
37.4979	0.0774096	0.063749	0.063749
37.5563	0.0759676	0.0637781	0.0637781
37.6147	0.0763983	0.0638073	0.0638073
37.6731	0.0743319	0.0638365	0.0638365
37.7314	0.0730817	0.0638657	0.0638657
37.7898	0.0740786	0.0638949	0.0638949
37.8482	0.0540889	0.0639241	0.0639241
37.9066	0.0609504	0.0639533	0.0639533
37.965	0.0650361	0.0639825	0.0639825
38.0234	0.0589761	0.0640117	0.0640117
38.0817	0.0405462	0.0640409	0.0640409
38.1401	0.0455449	0.0640701	0.0640701
38.1985	0.0675489	0.0640992	0.0640992
38.2569	0.0777151	0.0641284	0.0641284
38.3153	0.0642978	0.0641576	0.0641576
38.3736	0.105659	0.0641868	0.0641868
38.432	0.0504196	0.064216	0.064216
38.4904	0.0709193	0.0642452	0.0642452
38.5488	0.0836424	0.0642744	0.0642744
38.6072	0.0802887	0.0643036	0.0643036
38.6656	0.0741588	0.0643328	0.0643328
38.7239	0.0804158	0.064362	0.064362
38.7823	0.0652221	0.0643912	0.0643912
38.8407	0.0893636	0.0644204	0.0644204
38.8991	0.0836969	0.0644495	0.0644495
38.9575	0.0516953	0.0644787	0.0644787
39.0158	0.0693314	0.0645079	0.0645079
39.0742	0.0413277	0.0645371	0.0645371
39.1326	0.0873931	0.0645663	0.0645663
39.191	0.067959	0.0645955	0.0645955
39.2494	0.0848563	0.0646247	0.0646247
39.3078	0.0630135	0.0646539	0.0646539
39.3661	0.0368391	0.0646831	0.0646831
39.4245	0.104273	0.0647123	0.0647123
39.4829	0.0667078	0.0647415	0.0647415
39.5413	0.0497675	0.0647706	0.0647706
39.5997	0.0819863	0.0647998	0.0647998
39.658	0.0953669	0.064829	0.064829
39.7164	0.0618216	0.0648582	0.0648582
39.7748	0.0633988	0.0648874	0.0648874
39.8332	0.0684873	0.0649166	0.0649166
39.8916	0.0482812	0.0649458	0.0649458
39.95	0.054615	0.064975	0.064975
40.0083	0.0917331	0.0650042	0.0650042
40.0667	0.0630503	0.0650334	0.0650334
40.1251	0.0524992	0.0650626	0.0650626
40.1835	0.0583111	0.0650917	0.0650917
40.2419	0.0812133	0.0651209	0.0651209
40.3003	0.0355117	0.0651501	0.0651501
40.3586	0.0689991	0.0651793	0.0651793
40.417	0.102142	0.0652085	0.0652085
40.4754	0.0957036	0.0652377	0.0652377
40.5338	0.0738649	0.0652669	0.0652669
40.5922	0.0850427	0.0652961	0.0652961
40.6505	0.0849277	0.0653253	0.0653253
40.7089	0.0634667	0.0653545	0.0653545
40.7673	0.0792556	0.0653837	0.0653837
40.8257	0.0922416	0.0654128	0.0654128
40.8841	0.0464856	0.065442	0.065442
40.9425	0.074121	0.0654712	0.0654712
41.0008	0.0709225	0.0655004	0.0655004
41.0592	0.0670771	0.0655296	0.0655296
41.1176	0.0657783	0.0655588	0.0655588
41.176	0.069063	0.065588	0.065588
41.2344	0.0703508	0.0656172	0.0656172
41.2927	0.0824256	0.0656464	0.0656464
41.3511	0.0728233	0.0656756	0.0656756
41.4095	0.0630366	0.0657048	0.0657048
41.4679	0.0531351	0.0657339	0.0657339
41.5263	0.0586765	0.0657631	0.0657631
41.5847	0.0697098	0.0657923	0.0657923
41.643	0.0552305	0.0658215	0.0658215
41.7014	0.0800389	0.0658507	0.0658507
41.7598	0.0723307	0.0658799	0.0658799
41.8182	0.083062	0.0659091	0.0659091
41.8766	0.056356	0.0659383	0.0659383
41.9349	0.0535015	0.0659675	0.0659675
41.9933	0.0830375	0.0659967	0.0659967
42.0517	0.0679752	0.0660259	0.0660259
42.1101	0.0630173	0.066055	0.066055
42.1685	0.0765641	0.0660842	0.0660842
42.2269	0.0760352	0.0661134	0.0661134
42.2852	0.0473062	0.0661426	0.0661426
42.3436	0.0869415	0.0661718	0.0661718
42.402	0.0600449	0.066201	0.066201
42.4604	0.0917305	0.0662302	0.0662302
42.5188	0.0462562	0.0662594	0.0662594
42.5771	0.0710496	0.0662886	0.0662886
42.6355	0.0635334	0.0663178	0.0663178
42.6939	0.0367184	0.066347	0.066347
42.7523	0.0762493	0.0663761	0.0663761
42.8107	0.0375463	0.0664053	0.0664053
42.8691	0.0620595	0.0664345	0.0664345
42.9274	0.0830279	0.0664637	0.0664637
42.9858	0.0585424	0.0664929	0.0664929
43.0442	0.0529661	0.0665221	0.0665221
43.1026	0.0785566	0.0665513	0.0665513
43.161	0.0628377	0.0665805	0.0665805
43.2193	0.0605338	0.0666097	0.0666097
43.2777	0.0857638	0.0666389	0.0666389
43.3361	0.0491589	0.0666681	0.0666681
43.3945	0.0598031	0.0666972	0.0666972
43.4529	0.0797231	0.0667264	0.0667264
43.5113	0.0482764	0.0667556	0.0667556
43.5696	0.093415	0.0667848	0.0667848
43.628	0.0635613	0.066814	0.066814
43.6864	0.0799611	0.0668432	0.0668432
43.7448	0.0799589	0.0668724	0.0668724
43.8032	0.0646173	0.0669016	0.0669016
43.8616	0.0597456	0.0669308	0.0669308
43.9199	0.0663155	0.06696	0.06696
43.9783	0.0776794	0.0669892	0.0669892
44.0367	0.052222	0.0670183	0.0670183
44.0951	0.0489987	0.0670475	0.0670475
44.1535	0.0893398	0.0670767	0.0670767
44.2118	0.0560831	0.0671059	0.0671059
44.2702	0.0724464	0.0671351	0.0671351
44.3286	0.0641312	0.0671643	0.0671643
44.387	0.0648255	0.0671935	0.0671935
44.4454	0.0886785	0.0672227	0.0672227
44.5038	0.0659743	0.0672519	0.0672519
44.5621	0.0619287	0.0672811	0.0672811
44.6205	0.0632645	0.0673103	0.0673103
44.6789	0.0597876	0.0673394	0.0673394
44.7373	0.0573173	0.0673686	0.0673686
44.7957	0.0599061	0.0673978	0.0673978
44.854	0.0923752	0.067427	0.067427
44.9124	0.0781285	0.0674562	0.0674562
44.9708	0.0623075	0.0674854	0.0674854
45.0292	0.0822394	0.0675146	0.0675146
45.0876	0.0437359	0.0675438	0.0675438
45.146	0.0882082	0.067573	0.067573
45.2043	0.0870295	0.0676022	0.0676022
45.2627	0.101176	0.0676314	0.0676314
45.3211	0.0828338	0.0676606	0.0676606
45.3795	0.0742483	0.0676897	0.0676897
45.4379	0.087086	0.0677189	0.0677189
45.4962	0.058361	0.0677481	0.0677481
45.5546	0.0618461	0.0677773	0.0677773
45.613	0.0668429	0.0678066	0.0678065
45.6714	0.0883691	0.0678359	0.0678357
45.7298	0.0550273	0.0678655	0.0678649
45.7882	0.0534648	0.0678958	0.0678941
45.8465	0.0714757	0.0679277	0.0679233
45.9049	0.0787265	0.0679635	0.0679525
45.9633	0.0574623	0.0680085	0.0679817
46.0217	0.0781299	0.0680736	0.0680108
46.0801	0.0887072	0.0681812	0.06804
46.1384	0.0863817	0.0683748	0.0680692
46.1968	0.0740347	0.0687353	0.0680984
46.2552	0.068047	0.069406	0.0681276
46.3136	0.0966616	0.0706272	0.0681568
46.372	0.0730137	0.0727826	0.068186
46.4304	0.0905554	0.0764501	0.0682152
46.4887	0.111823	0.0824491	0.0682444
46.5471	0.104394	0.0918652	0.0682736
46.6055	0.0910721	0.106028	0.0683028
46.6639	0.107832	0.126417	0.0683319
46.7223	0.150006	0.154471	0.0683611
46.7807	0.201943	0.1913	0.0683903
46.839	0.244009	0.237337	0.0684195
46.8974	0.325075	0.291969	0.0684487
46.9558	0.359784	0.353258	0.0684779
47.0142	0.412942	0.417853	0.0685071
47.0726	0.46416	0.48116	0.0685363
47.1309	0.555523	0.537817	0.0685655
47.1893	0.582321	0.582412	0.0685947
47.2477	0.587739	0.610331	0.0686239
47.3061	0.618874	0.61854	0.068653
47.3645	0.591191	0.606128	0.0686822
47.4229	0.568091	0.574475	0.0687114
47.4812	0.527096	0.527003	0.0687406
47.5396	0.454983	0.46856	0.0687698
47.598	0.397302	0.404617	0.068799
47.6564	0.329265	0.340427	0.0688282
47.7148	0.269595	0.280354	0.0688574
47.7731	0.21234	0.227461	0.0688866
47.8315	0.17615	0.183391	0.0689158
47.8899	0.135094	0.148514	0.068945
47.9483	0.131025	0.122226	0.0689741
48.0067	0.106329	0.103317	0.0690033
48.0651	0.108243	0.0903219	0.0690325
48.1234	0.11008	0.0817794	0.0690617
48.1818	0.0865656	0.0764057	0.0690909
48.2402	0.0799148	0.073171	0.0691201
48.2986	0.0824143	0.0713093	0.0691493
48.357	0.0772862	0.0702874	0.0691785
48.4153	0.0705088	0.0697558	0.0692077
48.4737	0.0690579	0.0694978	0.0692369
48.5321	0.0540606	0.0693856	0.0692661
48.5905	0.0819318	0.069348	0.0692952
48.6489	0.0688774	0.0693468	0.0693244
48.7073	0.0911056	0.0693628	0.0693536
48.7656	0.0831135	0.0693864	0.0693828
48.824	0.0600241	0.0694134	0.069412
48.8824	0.0881421	0.0694417	0.0694412
48.9408	0.0310594	0.0694706	0.0694704
48.9992	0.098453	0.0694996	0.0694996
49.0575	0.0494521	0.0695288	0.0695288
49.1159	0.0769847	0.069558	0.069558
49.1743	0.0759984	0.0695872	0.0695872
49.2327	0.0864721	0.0696163	0.0696163
49.2911	0.0647151	0.0696455	0.0696455
49.3495	0.037492	0.0696747	0.0696747
49.4078	0.0647946	0.0697039	0.0697039
49.4662	0.0664457	0.0697331	0.0697331
49.5246	0.0390244	0.0697623	0.0697623
49.583	0.0704721	0.0697915	0.0697915
49.6414	0.0536829	0.0698207	0.0698207
49.6997	0.0795862	0.0698499	0.0698499
49.7581	0.0661879	0.0698791	0.0698791
49.8165	0.0993247	0.0699083	0.0699083
49.8749	0.0660948	0.0699374	0.0699374
49.9333	0.0764225	0.0699666	0.0699666
49.9917	0.0667998	0.0699958	0.0699958
50.05	0.045676	0.070025	0.070025
50.1084	0.0669835	0.0700542	0.0700542
50.1668	0.0813846	0.0700834	0.0700834
50.2252	0.0791424	0.0701126	0.0701126
50.2836	0.0657428	0.0701418	0.0701418
50.342	0.0483196	0.070171	0.070171
50.4003	0.079867	0.0702002	0.0702002
50.4587	0.0765217	0.0702294	0.0702294
50.5171	0.0829097	0.0702585	0.0702585
50.5755	0.0661761	0.0702877	0.0702877
50.6339	0.0450513	0.0703169	0.0703169
50.6922	0.0783525	0.0703461	0.0703461
50.7506	0.0702382	0.0703753	0.0703753
50.809	0.0912798	0.0704045	0.0704045
50.8674	0.0708647	0.0704337	0.0704337
50.9258	0.0697809	0.0704629	0.0704629
50.9842	0.0767509	0.0704921	0.0704921
51.0425	0.0615673	0.0705213	0.0705213
51.1009	0.0608734	0.0705505	0.0705505
51.1593	0.0691112	0.0705796	0.0705796
51.2177	0.0568027	0.0706088	0.0706088
51.2761	0.0672016	0.070638	0.070638
51.3344	0.0997606	0.0706672	0.0706672
51.3928	0.0863359	0.0706964	0.0706964
51.4512	0.0753462	0.0707256	0.0707256
51.5096	0.09403	0.0707548	0.0707548
51.568	0.0584105	0.070784	0.070784
51.6264	0.10817	0.0708132	0.0708132
51.6847	0.0639348	0.0708424	0.0708424
51.7431	0.100929	0.0708716	0.0708716
51.8015	0.100892	0.0709008	0.0709008
51.8599	0.0446315	0.0709299	0.0709299
51.9183	0.0929655	0.0709591	0.0709591
51.9766	0.0667297	0.0709883	0.0709883
52.035	0.062498	0.0710175	0.0710175
52.0934	0.0789163	0.0710467	0.0710467
52.1518	0.0559572	0.0710759	0.0710759
52.2102	0.078635	0.0711051	0.0711051
52.2686	0.0570224	0.0711343	0.0711343
52.3269	0.0738197	0.0711635	0.0711635
52.3853	0.0912231	0.0711927	0.0711927
52.4437	0.0770196	0.0712219	0.0712219
52.5021	0.0658542	0.071251	0.071251
52.5605	0.0794014	0.0712802	0.0712802
52.6188	0.0502122	0.0713094	0.0713094
52.6772	0.0587557	0.0713386	0.0713386
52.7356	0.0649138	0.0713678	0.0713678
52.794	0.0831998	0.071397	0.071397
52.8524	0.0775132	0.0714262	0.0714262
52.9108	0.0794829	0.0714554	0.0714554
52.9691	0.0710738	0.0714846	0.0714846
53.0275	0.0596923	0.0715138	0.0715138
53.0859	0.0938647	0.071543	0.071543
53.1443	0.0611052	0.0715721	0.0715721
53.2027	0.0778869	0.0716013	0.0716013
53.2611	0.069949	0.0716305	0.0716305
53.3194	0.0801046	0.0716597	0.0716597
53.3778	0.0626066	0.0716889	0.0716889
53.4362	0.0875083	0.0717181	0.0717181
53.4946	0.0924215	0.0717473	0.0717473
53.553	0.0866463	0.0717765	0.0717765
53.6113	0.0741701	0.0718057	0.0718057
53.6697	0.065308	0.0718349	0.0718349
53.7281	0.114196	0.0718641	0.0718641
53.7865	0.0570189	0.0718932	0.0718932
53.8449	0.0851409	0.0719224	0.0719224
53.9033	0.0769434	0.0719516	0.0719516
53.9616	0.0710428	0.0719808	0.0719808
54.02	0.0747875	0.07201	0.07201
54.0784	0.064386	0.0720392	0.0720392
54.1368	0.0784742	0.0720684	0.0720684
54.1952	0.0768499	0.0720976	0.0720976
54.2535	0.112292	0.0721268	0.0721268
54.3119	0.0882183	0.072156	0.072156
54.3703	0.0799234	0.0721852	0.0721852
54.4287	0.0808477	0.0722143	0.0722143
54.4871	0.0998366	0.0722435	0.0722435
54.5455	0.0577163	0.0722727	0.0722727
54.6038	0.0695609	0.0723019	0.0723019
54.6622	0.043724	0.0723311	0.0723311
54.7206	0.0807419	0.0723603	0.0723603
54.779	0.0851121	0.0723895	0.0723895
54.8374	0.0574847	0.0724187	0.0724187
54.8957	0.0939741	0.0724479	0.0724479
54.9541	0.061694	0.0724772	0.0724771
55.0125	0.0673695	0.0725066	0.0725063
55.0709	0.0743298	0.0725363	0.0725354
55.1293	0.0964801	0.0725671	0.0725646
55.1877	0.0597277	0.0726006	0.0725938
55.246	0.0770094	0.0726407	0.072623
55.3044	0.0843187	0.0726962	0.0726522
55.3628	0.0813132	0.0727862	0.0726814
55.4212	0.0820307	0.0729497	0.0727106
55.4796	0.0846847	0.0732622	0.0727398
55.5379	0.065541	0.0738618	0.072769
55.5963	0.100304	0.0749871	0.0727982
55.6547	0.0753582	0.0770255	0.0728274
55.7131	0.0769076	0.0805653	0.0728565
55.7715	0.106653	0.0864386	0.0728857
55.8299	0.0862703	0.0957288	0.0729149
55.8882	0.114518	0.109714	0.0729441
55.9466	0.118871	0.129714	0.0729733
56.005	0.194624	0.156836	0.0730025
56.0634	0.226255	0.191625	0.0730317
56.1218	0.232036	0.23369	0.0730609
56.1802	0.289196	0.281398	0.0730901
56.2385	0.331843	0.331765	0.0731193
56.2969	0.375405	0.380634	0.0731485
56.3553	0.424969	0.423174	0.0731776
56.4137	0.454034	0.454643	0.0732068
56.4721	0.44844	0.47125	0.073236
56.5304	0.474853	0.470908	0.0732652
56.5888	0.453031	0.453666	0.0732944
56.6472	0.426377	0.421694	0.0733236
56.7056	0.377677	0.37884	0.0733528
56.764	0.324463	0.329868	0.073382
56.8224	0.292719	0.279595	0.0734112
56.8807	0.240133	0.232136	0.0734404
56.9391	0.211358	0.190417	0.0734696
56.9975	0.163436	0.156015	0.0734987
57.0559	0.126309	0.129273	0.0735279
57.1143	0.118866	0.109614	0.0735571
57.1726	0.0662074	0.0959166	0.0735863
57.231	0.118412	0.0868564	0.0736155
57.2894	0.0852777	0.0811619	0.0736447
57.3478	0.110527	0.0777601	0.0736739
57.4062	0.0627896	0.0758298	0.0737031
57.4646	0.0580273	0.074792	0.0737323
57.5229	0.0797546	0.0742671	0.0737615
57.5813	0.0794596	0.0740216	0.0737907
57.6397	0.0789945	0.0739209	0.0738198
57.6981	0.0766787	0.0738913	0.073849
57.7565	0.0644734	0.0738952	0.0738782
57.8148	0.0516336	0.0739139	0.0739074
57.8732	0.0781863	0.073939	0.0739366
57.9316	0.0547278	0.0739666	0.0739658
57.99	0.0533402	0.0739953	0.073995
58.0484	0.0683148	0.0740243	0.0740242
58.1068	0.0805133	0.0740534	0.0740534
58.1651	0.103899	0.0740826	0.0740826
58.2235	0.0888007	0.0741118	0.0741118
58.2819	0.0956392	0.074141	0.074141
58.3403	0.0839751	0.0741701	0.0741701
58.3987	0.0797021	0.0741993	0.0741993
58.457	0.111815	0.0742285	0.0742285
58.5154	0.0544149	0.0742577	0.0742577
58.5738	0.0680885	0.0742869	0.0742869
58.6322	0.0692884	0.0743161	0.0743161
58.6906	0.0877486	0.0743453	0.0743453
58.749	0.0596928	0.0743745	0.0743745
58.8073	0.0858551	0.0744037	0.0744037
58.8657	0.0831276	0.0744329	0.0744329
58.9241	0.0866623	0.0744621	0.0744621
58.9825	0.0864196	0.0744912	0.0744912
59.0409	0.0975952	0.0745204	0.0745204
59.0992	0.0738115	0.0745496	0.0745496
59.1576	0.0825312	0.0745788	0.0745788
59.216	0.0635598	0.074608	0.074608
59.2744	0.0601653	0.0746372	0.0746372
59.3328	0.101139	0.0746664	0.0746664
59.3912	0.0625138	0.0746956	0.0746956
59.4495	0.0843445	0.0747248	0.0747248
59.5079	0.0827196	0.074754	0.074754
59.5663	0.0924079	0.0747832	0.0747832
59.6247	0.0499393	0.0748123	0.0748123
59.6831	0.0882096	0.0748415	0.0748415
59.7415	0.0740002	0.0748707	0.0748707
59.7998	0.0659013	0.0748999	0.0748999
59.8582	0.0711668	0.0749291	0.0749291
59.9166	0.0905099	0.0749583	0.0749583
59.975	0.0859561	0.0749875	0.0749875
60.0334	0.0730978	0.0750167	0.0750167
60.0917	0.0579593	0.0750459	0.0750459
60.1501	0.0590469	0.0750751	0.0750751
60.2085	0.0863997	0.0751043	0.0751043
60.2669	0.0559673	0.0751334	0.0751334
60.3253	0.0733903	0.0751626	0.0751626
60.3837	0.115408	0.0751918	0.0751918
60.442	0.0821144	0.075221	0.075221
60.5004	0.0863839	0.0752502	0.0752502
60.5588	0.0593639	0.0752794	0.0752794
60.6172	0.0568991	0.0753086	0.0753086
60.6756	0.0872751	0.0753378	0.0753378
60.7339	0.0711317	0.075367	0.075367
60.7923	0.0930005	0.0753962	0.0753962
60.8507	0.0775724	0.0754254	0.0754254
60.9091	0.1288	0.0754545	0.0754545
60.9675	0.0683989	0.0754837	0.0754837
61.0259	0.0813499	0.0755129	0.0755129
61.0842	0.0636299	0.0755421	0.0755421
61.1426	0.0925525	0.0755713	0.0755713
61.201	0.0837082	0.0756005	0.0756005
61.2594	0.0627118	0.0756297	0.0756297
61.3178	0.0723996	0.0756589	0.0756589
61.3761	0.0977656	0.0756881	0.0756881
61.4345	0.0959929	0.0757173	0.0757173
61.4929	0.0560305	0.0757465	0.0757465
61.5513	0.0702861	0.0757756	0.0757756
61.6097	0.104626	0.0758048	0.0758048
61.6681	0.0748264	0.075834	0.075834
61.7264	0.0801146	0.0758632	0.0758632
61.7848	0.0927964	0.0758924	0.0758924
61.8432	0.0574392	0.0759216	0.0759216
61.9016	0.0633553	0.0759508	0.0759508
61.96	0.0726245	0.07598	0.07598
62.0183	0.0955785	0.0760092	0.0760092
62.0767	0.0928348	0.0760384	0.0760384
62.1351	0.0883641	0.0760676	0.0760676
62.1935	0.0755093	0.0760967	0.0760967
62.2519	0.0945695	0.0761259	0.0761259
62.3103	0.0753655	0.0761551	0.0761551
62.3686	0.0863538	0.0761843	0.0761843
62.427	0.0913941	0.0762135	0.0762135
62.4854	0.103195	0.0762427	0.0762427
62.5438	0.076927	0.0762719	0.0762719
62.6022	0.0723619	0.0763011	0.0763011
62.6606	0.0972564	0.0763303	0.0763303
62.7189	0.0984373	0.0763595	0.0763595
62.7773	0.069738	0.0763887	0.0763887
62.8357	0.0613423	0.0764178	0.0764178
62.8941	0.0962326	0.076447	0.076447
62.9525	0.0533503	0.0764762	0.0764762
63.0108	0.0526134	0.0765054	0.0765054
63.0692	0.0740102	0.0765346	0.0765346
63.1276	0.0781004	0.0765638	0.0765638
63.186	0.0606937	0.076593	0.076593
63.2444	0.0799502	0.0766222	0.0766222
63.3028	0.0806484	0.0766514	0.0766514
63.3611	0.0694747	0.0766806	0.0766806
63.4195	0.107212	0.0767098	0.0767098
63.4779	0.0831854	0.0767389	0.0767389
63.5363	0.0936955	0.0767681	0.0767681
63.5947	0.0549541	0.0767973	0.0767973
63.653	0.0548539	0.0768265	0.0768265
63.7114	0.0837567	0.0768557	0.0768557
63.7698	0.104708	0.0768849	0.0768849
63.8282	0.0617651	0.0769141	0.0769141
63.8866	0.0790939	0.0769433	0.0769433
63.945	0.058446	0.0769725	0.0769725
64.0033	0.0662223	0.0770017	0.0770017
64.0617	0.0799275	0.0770309	0.0770309
64.1201	0.0696709	0.0770601	0.0770601
64.1785	0.0575064	0.0770892	0.0770892
64.2369	0.0571997	0.0771184	0.0771184
64.2952	0.0488575	0.0771476	0.0771476
64.3536	0.0843256	0.0771768	0.0771768
64.412	0.0861697	0.077206	0.077206
64.4704	0.0861235	0.0772352	0.0772352
64.5288	0.0636268	0.0772644	0.0772644
64.5872	0.0923828	0.0772936	0.0772936
64.6455	0.0879244	0.0773228	0.0773228
64.7039	0.0774614	0.077352	0.077352
64.7623	0.0750287	0.0773812	0.0773812
64.8207	0.0676736	0.0774103	0.0774103
64.8791	0.080322	0.0774395	0.0774395
64.9374	0.101727	0.0774687	0.0774687
64.9958	0.0945658	0.0774979	0.0774979
65.0542	0.0736839	0.0775271	0.0775271
65.1126	0.0856356	0.0775563	0.0775563
65.171	0.061064	0.0775855	0.0775855
65.2294	0.0885657	0.0776147	0.0776147
65.2877	0.065181	0.0776439	0.0776439
65.3461	0.0880269	0.0776731	0.0776731
65.4045	0.122238	0.0777023	0.0777023
65.4629	0.0691813	0.0777314	0.0777314
65.5213	0.121603	0.0777606	0.0777606
65.5796	0.0851494	0.0777898	0.0777898
65.638	0.0665746	0.077819	0.077819
65.6964	0.0659164	0.0778482	0.0778482
65.7548	0.113352	0.0778774	0.0778774
65.8132	0.0853014	0.0779066	0.0779066
65.8716	0.0694435	0.0779358	0.0779358
65.9299	0.0749131	0.077965	0.077965
65.9883	0.0844558	0.0779942	0.0779942
66.0467	0.0778925	0.0780234	0.0780234
66.1051	0.083241	0.0780525	0.0780525
66.1635	0.104686	0.0780817	0.0780817
66.2219	0.0611914	0.0781109	0.0781109
66.2802	0.0878096	0.0781401	0.0781401
66.3386	0.0770758	0.0781693	0.0781693
66.397	0.0707128	0.0781985	0.0781985
66.4554	0.0943103	0.0782277	0.0782277
66.5138	0.0563355	0.0782569	0.0782569
66.5721	0.0427896	0.0782861	0.0782861
66.6305	0.0816833	0.0783153	0.0783153
66.6889	0.0762718	0.0783445	0.0783445
66.7473	0.0580809	0.0783736	0.0783736
66.8057	0.0527445	0.0784028	0.0784028
66.8641	0.107392	0.078432	0.078432
66.9224	0.0854064	0.0784612	0.0784612
66.9808	0.0787851	0.0784904	0.0784904
67.0392	0.111448	0.0785196	0.0785196
67.0976	0.0938797	0.0785488	0.0785488
67.156	0.105117	0.078578	0.078578
67.2143	0.0609079	0.0786072	0.0786072
67.2727	0.0603755	0.0786364	0.0786364
67.3311	0.0879217	0.0786656	0.0786656
67.3895	0.0849122	0.0786947	0.0786947
67.4479	0.0974689	0.0787239	0.0787239
67.5063	0.0542913	0.0787531	0.0787531
67.5646	0.0893363	0.0787823	0.0787823
67.623	0.0936505	0.0788115	0.0788115
67.6814	0.0928833	0.0788407	0.0788407
67.7398	0.0727695	0.0788699	0.0788699
67.7982	0.0866783	0.0788991	0.0788991
67.8565	0.0672934	0.0789283	0.0789283
67.9149	0.0745633	0.0789575	0.0789575
67.9733	0.0633426	0.0789867	0.0789867
68.0317	0.0676359	0.0790158	0.0790158
68.0901	0.0754306	0.079045	0.079045
68.1485	0.0717102	0.0790742	0.0790742
68.2068	0.0677215	0.0791034	0.0791034
68.2652	0.0596387	0.0791326	0.0791326
68.3236	0.108578	0.0791618	0.0791618
68.382	0.0716825	0.079191	0.079191
68.4404	0.0841697	0.0792202	0.0792202
68.4987	0.0528648	0.0792494	0.0792494
68.5571	0.0996433	0.0792786	0.0792786
68.6155	0.0818152	0.0793078	0.0793078
68.6739	0.0726788	0.0793369	0.0793369
68.7323	0.072839	0.0793661	0.0793661
68.7907	0.0924365	0.0793953	0.0793953
68.849	0.0351281	0.0794245	0.0794245
68.9074	0.0670908	0.0794537	0.0794537
68.9658	0.0776966	0.0794829	0.0794829
69.0242	0.0775529	0.0795121	0.0795121
69.0826	0.117121	0.0795413	0.0795413
69.141	0.0745066	0.0795705	0.0795705
69.1993	0.0944531	0.0795997	0.0795997
69.2577	0.106804	0.0796289	0.0796289
69.3161	0.0897173	0.079658	0.079658
69.3745	0.06958	0.0796872	0.0796872
69.4329	0.0604491	0.0797164	0.0797164
69.4912	0.0909269	0.0797456	0.0797456
69.5496	0.10445	0.0797748	0.0797748
69.608	0.0879934	0.079804	0.079804
69.6664	0.0983349	0.0798332	0.0798332
69.7248	0.118742	0.0798624	0.0798624
69.7832	0.0924522	0.0798916	0.0798916
69.8415	0.0634113	0.0799208	0.0799208
69.8999	0.0807159	0.07995	0.07995
69.9583	0.100532	0.0799791	0.0799791
70.0167	0.0762766	0.0800083	0.0800083
70.0751	0.102623	0.0800375	0.0800375
70.1334	0.0790627	0.0800667	0.0800667
70.1918	0.0851111	0.0800959	0.0800959
70.2502	0.074864	0.0801251	0.0801251
70.3086	0.0825473	0.0801543	0.0801543
70.367	0.0833702	0.0801835	0.0801835
70.4254	0.0560845	0.0802127	0.0802127
70.4837	0.073618	0.0802419	0.0802419
70.5421	0.0617729	0.0802711	0.0802711
70.6005	0.0741936	0.0803003	0.0803003
70.6589	0.068402	0.0803294	0.0803294
70.7173	0.0955359	0.0803586	0.0803586
70.7756	0.0957388	0.0803878	0.0803878
70.834	0.0888214	0.080417	0.080417
70.8924	0.0614315	0.0804462	0.0804462
70.9508	0.0790034	0.0804754	0.0804754
71.0092	0.0602967	0.0805046	0.0805046
71.0676	0.0783244	0.0805338	0.0805338
71.1259	0.0902743	0.080563	0.080563
71.1843	0.0954737	0.0805922	0.0805922
71.2427	0.087714	0.0806214	0.0806214
71.3011	0.0995276	0.0806505	0.0806505
71.3595	0.0845761	0.0806797	0.0806797
71.4178	0.0772055	0.0807089	0.0807089
71.4762	0.093843	0.0807381	0.0807381
71.5346	0.0943644	0.0807673	0.0807673
71.593	0.0729339	0.0807965	0.0807965
71.6514	0.0865104	0.0808257	0.0808257
71.7098	0.0764402	0.0808549	0.0808549
71.7681	0.0507551	0.0808841	0.0808841
71.8265	0.0875149	0.0809133	0.0809133
71.8849	0.0615246	0.0809425	0.0809425
71.9433	0.085895	0.0809716	0.0809716
72.0017	0.0579712	0.0810008	0.0810008
72.0601	0.070235	0.08103	0.08103
72.1184	0.0745552	0.0810592	0.0810592
72.1768	0.0991143	0.0810884	0.0810884
72.2352	0.0731149	0.0811176	0.0811176
72.2936	0.0650222	0.0811468	0.0811468
72.352	0.0866412	0.081176	0.081176
72.4103	0.0779506	0.0812052	0.0812052
72.4687	0.0930928	0.0812344	0.0812344
72.5271	0.0660854	0.0812636	0.0812636
72.5855	0.0844556	0.0812927	0.0812927
72.6439	0.118365	0.0813219	0.0813219
72.7023	0.0777619	0.0813511	0.0813511
72.7606	0.0841813	0.0813803	0.0813803
72.819	0.0564939	0.0814095	0.0814095
72.8774	0.068644	0.0814387	0.0814387
72.9358	0.0883637	0.0814679	0.0814679
72.9942	0.0765486	0.0814971	0.0814971
73.0525	0.0907428	0.0815263	0.0815263
73.1109	0.0879295	0.0815555	0.0815555
73.1693	0.0618142	0.0815847	0.0815847
73.2277	0.0968434	0.0816138	0.0816138
73.2861	0.0630028	0.081643	0.081643
73.3445	0.0701984	0.0816722	0.0816722
73.4028	0.0851437	0.0817014	0.0817014
73.4612	0.105236	0.0817306	0.0817306
73.5196	0.0667017	0.0817598	0.0817598
73.578	0.0840043	0.081789	0.081789
73.6364	0.0841585	0.0818182	0.0818182
73.6947	0.0917078	0.0818474	0.0818474
73.7531	0.099637	0.0818766	0.0818766
73.8115	0.0758446	0.0819058	0.0819058
73.8699	0.0971127	0.0819349	0.0819349
73.9283	0.101919	0.0819641	0.0819641
73.9867	0.108753	0.0819933	0.0819933
74.045	0.0895514	0.0820225	0.0820225
74.1034	0.0844133	0.0820517	0.0820517
74.1618	0.0749621	0.0820809	0.0820809
74.2202	0.0602253	0.0821101	0.0821101
74.2786	0.07797	0.0821393	0.0821393
74.3369	0.0838535	0.0821685	0.0821685
74.3953	0.0805553	0.0821977	0.0821977
74.4537	0.0911926	0.0822269	0.0822269
74.5121	0.0604434	0.082256	0.082256
74.5705	0.0795556	0.0822852	0.0822852
74.6289	0.112236	0.0823144	0.0823144
74.6872	0.0972776	0.0823436	0.0823436
74.7456	0.0916157	0.0823728	0.0823728
74.804	0.0882622	0.082402	0.082402
74.8624	0.0769497	0.0824312	0.0824312
74.9208	0.0561493	0.0824604	0.0824604
74.9791	0.0893465	0.0824896	0.0824896
75.0375	0.0457923	0.0825188	0.0825188
75.0959	0.0776646	0.082548	0.082548
75.1543	0.0825223	0.0825771	0.0825771
75.2127	0.0758985	0.0826063	0.0826063
75.2711	0.115206	0.0826355	0.0826355
75.3294	0.11003	0.0826647	0.0826647
75.3878	0.0981861	0.0826939	0.0826939
75.4462	0.0688432	0.0827231	0.0827231
75.5046	0.111574	0.0827523	0.0827523
75.563	0.092066	0.0827815	0.0827815
75.6214	0.068681	0.0828107	0.0828107
75.6797	0.0833306	0.0828399	0.0828399
75.7381	0.0972477	0.0828691	0.0828691
75.7965	0.0739151	0.0828982	0.0828982
75.8549	0.0850354	0.0829274	0.0829274
75.9133	0.0877038	0.0829566	0.0829566
75.9716	0.066473	0.0829858	0.0829858
76.03	0.0789636	0.083015	0.083015
76.0884	0.0676623	0.0830442	0.0830442
76.1468	0.0961034	0.0830734	0.0830734
76.2052	0.0694818	0.0831026	0.0831026
76.2636	0.0875088	0.0831318	0.0831318
76.3219	0.0623086	0.083161	0.083161
76.3803	0.0661886	0.0831902	0.0831902
76.4387	0.0654911	0.0832193	0.0832193
76.4971	0.0789049	0.0832485	0.0832485
76.5555	0.0859835	0.0832777	0.0832777
76.6138	0.0887783	0.0833069	0.0833069
76.6722	0.0567526	0.0833361	0.0833361
76.7306	0.0808357	0.0833653	0.0833653
76.789	0.0721359	0.0833945	0.0833945
76.8474	0.0914364	0.0834237	0.0834237
76.9058	0.0794383	0.0834529	0.0834529
76.9641	0.0822696	0.0834821	0.0834821
77.0225	0.072337	0.0835113	0.0835113
77.0809	0.10941	0.0835405	0.0835405
77.1393	0.064316	0.0835696	0.0835696
77.1977	0.0776028	0.0835988	0.0835988
77.256	0.085242	0.083628	0.083628
77.3144	0.0798868	0.0836572	0.0836572
77.3728	0.0722274	0.0836864	0.0836864
77.4312	0.0565403	0.0837156	0.0837156
77.4896	0.0733722	0.0837448	0.0837448
77.548	0.0693832	0.083774	0.083774
77.6063	0.108992	0.0838032	0.0838032
77.6647	0.117803	0.0838324	0.0838324
77.7231	0.0830997	0.0838616	0.0838616
77.7815	0.0628194	0.0838907	0.0838907
77.8399	0.0949906	0.0839199	0.0839199
77.8982	0.069233	0.0839491	0.0839491
77.9566	0.0757407	0.0839783	0.0839783
78.015	0.0745748	0.0840075	0.0840075
78.0734	0.0765291	0.0840367	0.0840367
78.1318	0.0787451	0.0840659	0.0840659
78.1902	0.0643925	0.0840951	0.0840951
78.2485	0.0735941	0.0841243	0.0841243
78.3069	0.0994526	0.0841535	0.0841535
78.3653	0.0836793	0.0841827	0.0841827
78.4237	0.0860916	0.0842118	0.0842118
78.4821	0.0507573	0.084241	0.084241
78.5405	0.098487	0.0842702	0.0842702
78.5988	0.0740166	0.0842994	0.0842994
78.6572	0.101188	0.0843286	0.0843286
78.7156	0.0866719	0.0843578	0.0843578
78.774	0.0759562	0.084387	0.084387
78.8324	0.0592493	0.0844162	0.0844162
78.8907	0.117068	0.0844454	0.0844454
78.9491	0.0965233	0.0844746	0.0844746
79.0075	0.0974499	0.0845038	0.0845038
79.0659	0.111815	0.0845329	0.0845329
79.1243	0.0879234	0.0845621	0.0845621
79.1827	0.104877	0.0845913	0.0845913
79.241	0.0774419	0.0846205	0.0846205
79.2994	0.0957134	0.0846497	0.0846497
79.3578	0.0752274	0.0846789	0.0846789
79.4162	0.0771502	0.0847081	0.0847081
79.4746	0.0861923	0.0847373	0.0847373
79.5329	0.0657555	0.0847665	0.0847665
79.5913	0.089737	0.0847957	0.0847957
79.6497	0.0801455	0.0848249	0.0848249
79.7081	0.0550406	0.084854	0.084854
79.7665	0.0780183	0.0848832	0.0848832
79.8249	0.0797366	0.0849124	0.0849124
79.8832	0.0977342	0.0849416	0.0849416
79.9416	0.0892488	0.0849708	0.0849708
80	0.106712	0.085	0.085
