# 2theta	intensity
10	0.0115236
10.035	0.00480008
10.07	0.0137523
10.1051	0.0147028
10.1401	0.000244824
10.1751	0.0034891
10.2101	0.0106392
10.2451	0.00841879
10.2801	0.00991599
10.3152	0.00573478
10.3502	0.014397
10.3852	0.013889
10.4202	0.0103302
10.4552	0.0156362
10.4902	0.0123375
10.5253	0.00570354
10.5603	0.0118438
10.5953	0.00520559
10.6303	0.0143923
10.6653	0.00975037
10.7004	0.00907569
10.7354	0.00659535
10.7704	0.0161127
10.8054	0.00922735
10.8404	0.00785836
10.8754	0.00823933
10.9105	0.0126615
10.9455	0.0118272
10.9805	0.0120637
11.0155	0.0121541
11.0505	0.0207082
11.0855	0.00796792
11.1206	0.00743879
11.1556	0.00593114
11.1906	0.0130799
11.2256	0.0156449
11.2606	0.00943026
11.2956	0.00579922
11.3307	0.00587759
11.3657	0.013253
11.4007	0.0137163
11.4357	0.0127158
11.4707	0.00667245
11.5058	0.0111608
11.5408	0.0105834
11.5758	0.0110934
11.6108	0.0143571
11.6458	0.011118
11.6808	0.0133946
11.7159	0.0103379
11.7509	0.0114456
11.7859	0.0131564
11.8209	0.00271422
11.8559	0.00840164
11.8909	0.00764814
11.926	0.00680561
11.961	0.00862429
11.996	0.0174747
12.031	0.00567084
12.066	0.0148414
12.1011	0.00158565
12.1361	0.00832557
12.1711	0.0108138
12.2061	0.0129311
12.2411	0.0135561
12.2761	0.0139667
12.3112	0.00825637
12.3462	0.00768824
12.3812	0.0142899
12.4162	0.00904348
12.4512	0.00362157
12.4862	0.00433356
12.5213	0.00540274
12.5563	0.0124858
12.5913	0.0107121
12.6263	0.0134524
12.6613	0.00786374
12.6963	0.0107927
12.7314	0.013128
12.7664	0.00845327
12.8014	0.0122839
12.8364	0.00669037
12.8714	0.00818473
12.9065	0.00809131
12.9415	0.0040208
12.9765	0.0124349
13.0115	0.00765299
13.0465	0.0100625
13.0815	0.0124037
13.1166	0.0122327
13.1516	0.0133269
13.1866	0.00950757
13.2216	0.00788351
13.2566	0.00960141
13.2916	0.00156333
13.3267	0.00276444
13.3617	0.0033865
13.3967	0.00501377
13.4317	0.0119989
13.4667	0.0054726
13.5018	0.00810919
13.5368	0.0164961
13.5718	0.00821868
13.6068	0.0136876
13.6418	0.00533191
13.6768	0.00897281
13.7119	0.00524989
13.7469	0.00830483
13.7819	0.0142015
13.8169	0.0013634
13.8519	0.0121721
13.8869	0.0111887
13.922	0.00702925
13.957	0.00276971
13.992	0.0103606
14.027	0.00735254
14.062	0.0111634
14.097	0.0101093
14.1321	0.0180089
14.1671	0.00880322
14.2021	0.00488251
14.2371	0.0108964
14.2721	0.0111
14.3072	0.0167959
14.3422	0.0141756
14.3772	0.0117844
14.4122	0.0173165
14.4472	0.00405618
14.4822	0.00680124
14.5173	0.00536712
14.5523	0.00805095
14.5873	0.00311657
14.6223	0.0131758
14.6573	0.00888889
14.6923	0.00264597
14.7274	0.0049221
14.7624	0.0115676
14.7974	0.0141906
14.8324	0.0199837
14.8674	0.0245693
14.9025	0.012072
14.9375	0.00505231
14.9725	-0.000660231
15.0075	0.0113386
15.0425	0.00593529
15.0775	0.00792321
15.1126	0.00693952
15.1476	0.00929605
15.1826	0.0153299
15.2176	0.0107852
15.2526	0.00920683
15.2876	0.00482173
15.3227	0.00162659
15.3577	0.00756846
15.3927	0.00973109
15.4277	0.0188396
15.4627	0.0106514
15.4977	0.0149137
15.5328	0.00750352
15.5678	0.00407528
15.6028	0.00517442
15.6378	0.00637387
15.6728	0.0206423
15.7079	0.00589307
15.7429	0.0141924
15.7779	0.00548536
15.8129	0.0146579
15.8479	0.0119248
15.8829	0.00921681
15.918	0.00979619
15.953	0.00672606
15.988	0.0122304
16.023	0.00772508
16.058	0.00387197
16.093	0.00361031
16.1281	0.0108629
16.1631	0.0178955
16.1981	0.0108
16.2331	0.00940681
16.2681	0.0114291
16.3032	0.01653
16.3382	0.0110969
16.3732	0.00794536
16.4082	0.0155314
16.4432	0.0121438
16.4782	0.0176788
16.5133	0.0109162
16.5483	0.00387765
16.5833	0.0031592
16.6183	0.0182546
16.6533	0.0186183
16.6883	0.0091024
16.7234	0.00808406
16.7584	0.0173072
16.7934	0.00446477
16.8284	0.00552636
16.8634	0.0132166
16.8984	0.00802697
16.9335	0.00997439
16.9685	0.00918279
17.0035	0.0116879
17.0385	0.0170374
17.0735	0.0104529
17.1086	0.0132197
17.1436	-0.000250861
17.1786	0.00975641
17.2136	0.00578385
17.2486	0.00390593
17.2836	0.00560924
17.3187	0.00832938
17.3537	0.0145795
17.3887	0.00336804
17.4237	0.0101532
17.4587	0.00757915
17.4937	0.00836163
17.5288	0.0150138
17.5638	0.0126906
17.5988	0.016687
17.6338	0.00922747
17.6688	0.00652029
17.7039	0.00888071
17.7389	0.0112125
17.7739	0.0108829
17.8089	0.00457806
17.8439	0.0104524
17.8789	0.0111411
17.914	0.0225874
17.949	0.0193842
17.984	0.00573378
18.019	0.00856308
18.054	0.00268279
18.089	0.00704646
18.1241	0.011578
18.1591	0.0160293
18.1941	0.00635458
18.2291	0.00672927
18.2641	-0.000736445
18.2991	0.00918667
18.3342	0.00468793
18.3692	0.0073528
18.4042	0.0056157
18.4392	0.00952869
18.4742	0.00121136
18.5093	0.00266477
18.5443	0.0206462
18.5793	0.00356289
18.6143	0.00451607
18.6493	0.0191846
18.6843	0.0245253
18.7194	0.00414217
18.7544	0.00815876
18.7894	0.0117078
18.8244	0.0186435
18.8594	0.00506571
18.8944	0.00877361
18.9295	0.0138867
18.9645	0.0121738
18.9995	0.00811922
19.0345	0.00933089
19.0695	0.00312552
19.1046	0.00880913
19.1396	0.00866806
19.1746	0.0111608
19.2096	0.00722336
19.2446	0.0123577
19.2796	0.0150636
19.3147	0.0107771
19.3497	0.0117588
19.3847	0.0102658
19.4197	0.0100004
19.4547	0.00639221
19.4897	0.0115825
19.5248	0.00951357
19.5598	0.0204658
19.5948	0.0178668
19.6298	0.0119292
19.6648	0.00618471
19.6998	0.00443794
19.7349	0.0159557
19.7699	0.0113137
19.8049	0.0124007
19.8399	0.00127707
19.8749	0.0146372
19.91	0.0122721
19.945	0.00444785
19.98	0.00764238
20.015	0.0113186
20.05	0.0102623
20.085	0.00853914
20.1201	0.00948256
20.1551	0.00874011
20.1901	0.0107628
20.2251	0.0173575
20.2601	-0.00283329
20.2951	0.00881575
20.3302	0.0108826
20.3652	0.01148
20.4002	0.00814043
20.4352	0.00121639
20.4702	0.01164
20.5053	0.0186368
20.5403	0.00233069
20.5753	0.0143191
20.6103	0.00835737
20.6453	0.00969338
20.6803	0.00473551
20.7154	0.00832772
20.7504	0.0165002
20.7854	0.0129133
20.8204	0.0186616
20.8554	0.0158871
20.8904	0.0121954
20.9255	0.0187197
20.9605	0.012195
20.9955	0.0141399
21.0305	0.00851715
21.0655	0.0103327
21.1006	0.00651288
21.1356	0.0149479
21.1706	0.00410848
21.2056	0.0139118
21.2406	0.00904674
21.2756	0.0158562
21.3107	0.0137543
21.3457	0.0191032
21.3807	0.0136539
21.4157	0.0021398
21.4507	0.00966523
21.4857	0.00413996
21.5208	0.0074086
21.5558	0.0175561
21.5908	0.0131877
21.6258	0.00650535
21.6608	0.00493141
21.6958	0.0101639
21.7309	0.0039172
21.7659	0.0066443
21.8009	0.01156
21.8359	0.0157766
21.8709	0.0130438
21.906	-0.00145645
21.941	0.0115218
21.976	0.0103602
22.011	0.0120695
22.046	0.018081
22.081	-0.000316191
22.1161	0.00704448
22.1511	0.0129545
22.1861	0.00209203
22.2211	0.0173797
22.2561	0.0118418
22.2911	0.0142329
22.3262	0.00714528
22.3612	0.0140688
22.3962	0.0153424
22.4312	0.0111644
22.4662	0.011172
22.5013	0.0113517
22.5363	0.00568327
22.5713	0.00926236
22.6063	0.00923739
22.6413	0.011917
22.6763	0.0149991
22.7114	0.00470732
22.7464	0.00937495
22.7814	0.0174073
22.8164	0.00628206
22.8514	0.00588875
22.8864	0.0110115
22.9215	0.0142219
22.9565	0.0100571
22.9915	0.0166448
23.0265	0.014284
23.0615	0.0142091
23.0965	0.0127706
23.1316	0.0216383
23.1666	0.00897419
23.2016	-1.76115e-05
23.2366	0.0180213
23.2716	0.0077115
23.3067	0.0105394
23.3417	0.0165478
23.3767	0.0019887
23.4117	0.00374176
23.4467	0.00199361
23.4817	0.00602932
23.5168	0.0121982
23.5518	0.0126209
23.5868	0.0113814
23.6218	0.00293617
23.6568	-0.00155052
23.6918	0.0102718
23.7269	0.00764112
23.7619	0.0122969
23.7969	0.0135098
23.8319	0.0106912
23.8669	0.0138007
23.902	0.0111461
23.937	0.0126503
23.972	0.00647663
24.007	0.00910194
24.042	0.0109839
24.077	0.0141026
24.1121	0.00803129
24.1471	0.0126058
24.1821	0.00867081
24.2171	0.00941229
24.2521	0.0141476
24.2871	3.46981e-05
24.3222	0.00351764
24.3572	0.00258907
24.3922	-0.00166808
24.4272	0.00660868
24.4622	0.0137472
24.4972	0.00857558
24.5323	0.010989
24.5673	0.0154461
24.6023	0.0166384
24.6373	0.00965431
24.6723	0.0167679
24.7074	0.0104606
24.7424	0.00581301
24.7774	0.007028
24.8124	0.00259732
24.8474	0.00555933
24.8824	0.00820992
24.9175	0.0140179
24.9525	0.0186038
24.9875	0.00308909
25.0225	0.0119641
25.0575	0.00479728
25.0925	0.0123735
25.1276	0.00934457
25.1626	0.000845471
25.1976	0.0146415
25.2326	0.006975
25.2676	0.0073305
25.3027	0.00465124
25.3377	0.00672858
25.3727	0.0121395
25.4077	0.00905378
25.4427	0.0116433
25.4777	0.0118096
25.5128	0.0166033
25.5478	0.00828607
25.5828	0.00261571
25.6178	0.0153361
25.6528	0.00834256
25.6878	0.015573
25.7229	0.0119169
25.7579	0.00934431
25.7929	0.0117439
25.8279	0.0197551
25.8629	0.0203849
25.8979	0.0103469
25.933	0.010801
25.968	0.0153812
26.003	0.00577169
26.038	0.0116654
26.073	0.00987069
26.1081	0.0115695
26.1431	0.00583316
26.1781	0.00205216
26.2131	-0.000364917
26.2481	0.00441308
26.2831	0.00770662
26.3182	0.00853404
26.3532	0.0196862
26.3882	0.01553
26.4232	0.00518954
26.4582	0.0117385
26.4932	0.00796461
26.5283	0.00857818
26.5633	0.0109266
26.5983	0.0130959
26.6333	0.00830371
26.6683	0.0153193
26.7034	0.00429031
26.7384	0.0100317
26.7734	0.0229884
26.8084	0.0111154
26.8434	0.0171661
26.8784	0.0104576
26.9135	0.0129039
26.9485	0.00971613
26.9835	0.00914807
27.0185	0.00610282
27.0535	0.012152
27.0885	0.00574337
27.1236	0.0133301
27.1586	0.0154309
27.1936	0.0118414
27.2286	0.00858584
27.2636	0.0123024
27.2986	0.00851769
27.3337	0.0147898
27.3687	0.00104464
27.4037	0.00867786
27.4387	0.000661804
27.4737	0.00356973
27.5088	0.0185581
27.5438	0.0173129
27.5788	0.0109414
27.6138	0.00960784
27.6488	0.00613062
27.6838	0.0238046
27.7189	0.04654
27.7539	0.0476185
27.7889	0.0576104
27.8239	0.0826229
27.8589	0.0983248
27.8939	0.137414
27.929	0.179982
27.964	0.228086
27.999	0.290214
28.034	0.354201
28.069	0.42966
28.1041	0.502805
28.1391	0.594518
28.1741	0.682929
28.2091	0.75227
28.2441	0.828904
28.2791	0.90639
28.3142	0.951795
28.3492	0.996565
28.3842	1.00579
28.4192	1.01433
28.4542	0.987407
28.4892	0.949562
28.5243	0.90162
28.5593	0.824502
28.5943	0.744624
28.6293	0.664356
28.6643	0.584058
28.6993	0.490444
28.7344	0.422036
28.7694	0.342998
28.8044	0.28601
28.8394	0.211401
28.8744	0.171246
28.9095	0.126954
28.9445	0.0992001
28.9795	0.0793595
29.0145	0.0578586
29.0495	0.0429492
29.0845	0.0327504
29.1196	0.0269059
29.1546	0.0154708
29.1896	0.0203557
29.2246	0.0176533
29.2596	0.0146327
29.2946	0.014439
29.3297	0.0124757
29.3647	0.0207598
29.3997	0.00990161
29.4347	0.00865522
29.4697	0.00633809
29.5048	0.00489618
29.5398	0.0038083
29.5748	0.00557204
29.6098	0.00965482
29.6448	0.0116756
29.6798	0.0102577
29.7149	0.00617331
29.7499	0.0145014
29.7849	0.0136973
29.8199	0.00920186
29.8549	0.00673546
29.8899	0.0127422
29.925	0.0109399
29.96	0.00275937
29.995	0.0096601
30.03	0.0113102
30.065	0.00550153
30.1001	0.0109492
30.1351	0.00272589
30.1701	0.0166809
30.2051	0.0162397
30.2401	0.00873741
30.2751	0.0118173
30.3102	-0.00204961
30.3452	0.00421826
30.3802	0.00853111
30.4152	0.00463933
30.4502	0.013572
30.4852	0.0199865
30.5203	0.00411693
30.5553	0.00581268
30.5903	0.0111772
30.6253	0.0180556
30.6603	0.00388813
30.6953	0.0112452
30.7304	0.0191065
30.7654	0.0017412
30.8004	0.00359465
30.8354	0.00788197
30.8704	0.00739706
30.9055	0.014063
30.9405	0.0112083
30.9755	0.00112519
31.0105	0.0125771
31.0455	0.00711231
31.0805	0.0163722
31.1156	0.00686206
31.1506	0.00681692
31.1856	0.0127057
31.2206	0.0138146
31.2556	0.0122405
31.2906	0.00157201
31.3257	0.0126902
31.3607	0.00482846
31.3957	0.0111764
31.4307	0.00288133
31.4657	0.0122316
31.5008	0.00596701
31.5358	0.00358683
31.5708	0.0135691
31.6058	0.0112082
31.6408	0.00693016
31.6758	0.017256
31.7109	0.00779701
31.7459	0.0101612
31.7809	0.011346
31.8159	0.00690487
31.8509	0.0123626
31.8859	0.00734735
31.921	0.00797185
31.956	0.0168735
31.991	0.00491483
32.026	-0.00183945
32.061	0.0184718
32.096	0.0235023
32.1311	0.00930857
32.1661	0.00261493
32.2011	0.0123083
32.2361	0.0148896
32.2711	0.0191398
32.3062	0.0201354
32.3412	0.0367241
32.3762	0.0478715
32.4112	0.0533713
32.4462	0.0849979
32.4812	0.118302
32.5163	0.141922
32.5513	0.179139
32.5863	0.226372
32.6213	0.28204
32.6563	0.326254
32.6913	0.393491
32.7264	0.447472
32.7614	0.511212
32.7964	0.546156
32.8314	0.589881
32.8664	0.597538
32.9015	0.612923
32.9365	0.60341
32.9715	0.574801
33.0065	0.544542
33.0415	0.503922
33.0765	0.443217
33.1116	0.37942
33.1466	0.330081
33.1816	0.269973
33.2166	0.221308
33.2516	0.176869
33.2866	0.129542
33.3217	0.0975219
33.3567	0.0819874
33.3917	0.0567572
33.4267	0.0313326
33.4617	0.0369635
33.4967	0.0265137
33.5318	0.016146
33.5668	0.00948946
33.6018	0.017881
33.6368	0.0139467
33.6718	0.0231877
33.7069	0.012821
33.7419	0.0123351
33.7769	0.00937833
33.8119	0.0141954
33.8469	0.0131823
33.8819	0.016287
33.917	0.00740713
33.952	0.00782947
33.987	0.00760748
34.022	0.0139554
34.057	0.0174925
34.092	0.00770605
34.1271	0.00787624
34.1621	0.0115704
34.1971	0.00877121
34.2321	0.0147603
34.2671	-0.00125888
34.3022	0.00586648
34.3372	0.00608792
34.3722	-0.00160178
34.4072	0.00518181
34.4422	0.00542422
34.4772	0.00899448
34.5123	0.0155648
34.5473	0.0087747
34.5823	0.00484593
34.6173	0.00971523
34.6523	0.0152459
34.6873	0.00512021
34.7224	0.00544713
34.7574	0.0127927
34.7924	0.00889232
34.8274	0.0132374
34.8624	0.00993177
34.8974	0.0135083
34.9325	0.00482461
34.9675	0.00993958
35.0025	0.00894655
35.0375	0.00392055
35.0725	0.00218261
35.1076	0.0134287
35.1426	0.00824524
35.1776	0.0048886
35.2126	0.00951911
35.2476	0.0156401
35.2826	-0.00140369
35.3177	0.00251681
35.3527	0.00538557
35.3877	0.0173059
35.4227	0.0114129
35.4577	0.0138366
35.4927	0.0042992
35.5278	0.00440232
35.5628	0.0122391
35.5978	0.0102914
35.6328	0.0127437
35.6678	0.00906165
35.7029	0.0113907
35.7379	0.0107906
35.7729	0.0138888
35.8079	0.014035
35.8429	0.00190064
35.8779	-0.00123634
35.913	0.0150087
35.948	0.0159386
35.983	0.00489688
36.018	0.000700823
36.053	0.0104952
36.088	0.0146542
36.1231	0.018988
36.1581	0.0125815
36.1931	0.00814142
36.2281	0.00553435
36.2631	0.0100573
36.2981	0.00850368
36.3332	0.00492466
36.3682	0.0202438
36.4032	0.0189258
36.4382	0.0156802
36.4732	0.00539575
36.5083	0.0142751
36.5433	0.0131981
36.5783	0.0122127
36.6133	0.0162483
36.6483	0.0131769
36.6833	0.0137001
36.7184	0.0131845
36.7534	0.011704
36.7884	0.00108194
36.8234	0.0104181
36.8584	0.00721904
36.8934	0.0036008
36.9285	0.0184091
36.9635	0.018645
36.9985	0.0167961
37.0335	0.0112761
37.0685	0.0167531
37.1036	0.0100603
37.1386	0.011014
37.1736	0.00453264
37.2086	0.011985
37.2436	0.0103019
37.2786	0.00348674
37.3137	0.00974401
37.3487	0.00960135
37.3837	0.0189878
37.4187	0.0144711
37.4537	0.0100572
37.4887	0.0112439
37.5238	0.0102211
37.5588	0.00898543
37.5938	0.00458786
37.6288	0.00924474
37.6638	0.00626951
37.6988	0.00374842
37.7339	0.0125561
37.7689	0.0119563
37.8039	0.00106646
37.8389	0.00938658
37.8739	0.0149785
37.909	0.0152961
37.944	0.0151292
37.979	0.0101946
38.014	0.00577477
38.049	0.00458151
38.084	0.011723
38.1191	0.0118964
38.1541	0.0164367
38.1891	0.0154999
38.2241	0.00933886
38.2591	0.00377897
38.2941	0.00840447
38.3292	0.0110862
38.3642	0.00898958
38.3992	0.00711053
38.4342	0.0112644
38.4692	0.00748021
38.5043	0.00685967
38.5393	0.0115573
38.5743	0.00799004
38.6093	0.0112205
38.6443	0.011366
38.6793	0.00430285
38.7144	0.00759379
38.7494	0.0171889
38.7844	0.0041896
38.8194	-0.000583272
38.8544	0.000690774
38.8894	0.0101455
38.9245	0.0101546
38.9595	0.00941195
38.9945	0.0160709
39.0295	-0.00336417
39.0645	0.0119797
39.0995	0.0178072
39.1346	0.0043611
39.1696	0.00810097
39.2046	0.00623554
39.2396	0.00552827
39.2746	0.00836869
39.3097	0.0171374
39.3447	0.0191869
39.3797	0.0083203
39.4147	0.0195253
39.4497	0.0101779
39.4847	0.0187685
39.5198	0.00953351
39.5548	0.0106553
39.5898	0.0118274
39.6248	0.0258943
39.6598	0.0142564
39.6948	0.00646368
39.7299	0.014845
39.7649	0.00819084
39.7999	0.00755125
39.8349	0.014543
39.8699	0.0101554
39.905	0.0113929
39.94	0.0100699
39.975	0.0116829
40.01	0.0121248
40.045	0.000315165
40.08	0.0133329
40.1151	0.0050899
40.1501	0.0027885
40.1851	0.00970794
40.2201	0.0104199
40.2551	0.00653247
40.2901	0.0141552
40.3252	0.00328912
40.3602	0.00796528
40.3952	0.00707563
40.4302	0.00976706
40.4652	0.0113943
40.5003	0.00496054
40.5353	0.0136214
40.5703	0.010315
40.6053	0.000540269
40.6403	0.000207043
40.6753	0.0099384
40.7104	0.00889516
40.7454	0.0094829
40.7804	0.00986009
40.8154	0.0111278
40.8504	0.0147382
40.8854	0.00444448
40.9205	0.00414014
40.9555	0.00453338
40.9905	0.0114446
41.0255	0.0162247
41.0605	0.0078433
41.0955	-0.0025085
41.1306	0.00148004
41.1656	0.00583482
41.2006	0.00721136
41.2356	0.00795806
41.2706	0.0101929
41.3057	0.00844127
41.3407	0.0152467
41.3757	0.00661991
41.4107	0.00568841
41.4457	0.0123944
41.4807	0.00232179
41.5158	0.0119485
41.5508	0.0105128
41.5858	0.00926279
41.6208	0.0179414
41.6558	0.00688896
41.6908	0.0203015
41.7259	0.00887284
41.7609	0.00361492
41.7959	0.0103496
41.8309	0.00461877
41.8659	0.00624122
41.901	0.0119852
41.936	0.0127779
41.971	0.00688916
42.006	0.014937
42.041	0.0157875
42.076	0.0171815
42.1111	0.0126471
42.1461	0.0168171
42.1811	0.000596008
42.2161	0.00841047
42.2511	0.00566497
42.2861	0.0105961
42.3212	0.00714275
42.3562	0.00916921
42.3912	0.0194109
42.4262	0.0091514
42.4612	0.012069
42.4962	0.00883865
42.5313	0.0103786
42.5663	0.0100301
42.6013	0.0122416
42.6363	0.0158265
42.6713	0.018237
42.7064	0.0115481
42.7414	0.0129477
42.7764	0.00424568
42.8114	0.00956062
42.8464	0.0147014
42.8814	0.0143298
42.9165	0.011058
42.9515	0.014432
42.9865	0.0124538
43.0215	0.0160015
43.0565	0.0114468
43.0915	0.00822151
43.1266	0.0116792
43.1616	-0.00465297
43.1966	0.0119144
43.2316	-0.00824206
43.2666	0.00138268
43.3017	0.0122588
43.3367	0.0123876
43.3717	0.00418786
43.4067	0.00643949
43.4417	0.0168527
43.4767	0.00757985
43.5118	0.0212146
43.5468	0.0099904
43.5818	0.0120402
43.6168	0.0180844
43.6518	0.0106551
43.6868	0.00498828
43.7219	0.00945136
43.7569	0.00982195
43.7919	0.00317629
43.8269	0.00872084
43.8619	0.00628904
43.8969	0.0146218
43.932	0.0101731
43.967	0.00858602
44.002	0.00946909
44.037	0.0111156
44.072	0.0130841
44.1071	0.00500144
44.1421	0.00479206
44.1771	0.0155234
44.2121	0.00793832
44.2471	0.00291579
44.2821	0.0122191
44.3172	0.0123168
44.3522	0.00234642
44.3872	0.0111474
44.4222	0.0136779
44.4572	0.0118719
44.4922	0.0131599
44.5273	0.00297865
44.5623	0.0116552
44.5973	0.0084869
44.6323	0.00758605
44.6673	0.0143528
44.7024	0.0173964
44.7374	0.0189719
44.7724	0.016574
44.8074	0.00945133
44.8424	0.0117636
44.8774	0.0138341
44.9125	0.0106059
44.9475	0.0106538
44.9825	0.0141188
45.0175	0.00970359
45.0525	0.00635357
45.0875	0.00792763
45.1226	0.0131696
45.1576	0.010015
45.1926	0.011701
45.2276	0.0133504
45.2626	0.00812579
45.2976	0.0137812
45.3327	0.0118942
45.3677	0.00382594
45.4027	0.0172115
45.4377	0.00749628
45.4727	0.00172453
45.5078	0.00477479
45.5428	0.00489479
45.5778	0.0102609
45.6128	0.00863082
45.6478	0.00831598
45.6828	0.0130988
45.7179	0.0116999
45.7529	0.0115812
45.7879	0.0120508
45.8229	0.0130837
45.8579	-0.000534484
45.8929	0.008187
45.928	-0.000885259
45.963	0.010207
45.998	0.0100215
46.033	0.0153013
46.068	0.016058
46.1031	0.011206
46.1381	0.00780225
46.1731	0.0129004
46.2081	0.00809121
46.2431	0.0111031
46.2781	0.016594
46.3132	0.00966973
46.3482	0.0176133
46.3832	0.0185435
46.4182	0.0125428
46.4532	0.0251109
46.4882	0.0276341
46.5233	0.0297715
46.5583	0.0320699
46.5933	0.0400096
46.6283	0.052168
46.6633	0.070571
46.6983	0.0788405
46.7334	0.104592
46.7684	0.118206
46.8034	0.148731
46.8384	0.178936
46.8734	0.222372
46.9085	0.23779
46.9435	0.288799
46.9785	0.320462
47.0135	0.360657
47.0485	0.397654
47.0835	0.436174
47.1186	0.467303
47.1536	0.505511
47.1886	0.521072
47.2236	0.548117
47.2586	0.551573
47.2936	0.559575
47.3287	0.552135
47.3637	0.550022
47.3987	0.538251
47.4337	0.507605
47.4687	0.478551
47.5038	0.441142
47.5388	0.409545
47.5738	0.3647
47.6088	0.32924
47.6438	0.29633
47.6788	0.264387
47.7139	0.236426
47.7489	0.186632
47.7839	0.166943
47.8189	0.134441
47.8539	0.109255
47.8889	0.0922363
47.924	0.0735524
47.959	0.059826
47.994	0.0458293
48.029	0.0317225
48.064	0.0237569
48.099	0.0291105
48.1341	0.0201482
48.1691	0.0152989
48.2041	0.0159064
48.2391	0.0180715
48.2741	0.0137254
48.3092	0.00863945
48.3442	0.017419
48.3792	0.0187478
48.4142	0.0130287
48.4492	0.0152263
48.4842	0.0164371
48.5193	0.0157929
48.5543	0.0131585
48.5893	0.0130454
48.6243	0.0126306
48.6593	0.00453246
48.6943	0.0135148
48.7294	0.0032274
48.7644	0.00603069
48.7994	0.0165199
48.8344	0.0142022
48.8694	0.0174376
48.9045	0.00864197
48.9395	0.00423894
48.9745	0.00879791
49.0095	0.0105102
49.0445	0.010395
49.0795	0.0156684
49.1146	0.00819365
49.1496	0.0117602
49.1846	0.00505687
49.2196	0.0122516
49.2546	0.0100155
49.2896	0.00625093
49.3247	0.00882085
49.3597	0.00907912
49.3947	0.00864922
49.4297	0.0188567
49.4647	0.00950777
49.4997	0.00878052
49.5348	-0.000487255
49.5698	0.00552896
49.6048	0.00868463
49.6398	0.00657074
49.6748	0.0169085
49.7099	0.00917531
49.7449	0.0164422
49.7799	0.0103085
49.8149	0.0101861
49.8499	0.00955602
49.8849	0.010019
49.92	0.018594
49.955	-0.00159805
49.99	-7.72872e-06
50.025	0.00728415
50.06	0.0100726
50.095	0.0134505
50.1301	0.0123654
50.1651	0.00807877
50.2001	0.0150952
50.2351	0.015151
50.2701	0.0109203
50.3052	0.0148133
50.3402	0.0113632
50.3752	0.00719258
50.4102	0.0134891
50.4452	0.0105531
50.4802	0.0100067
50.5153	0.0173648
50.5503	-0.00225436
50.5853	0.00291158
50.6203	0.00406465
50.6553	0.0081837
50.6903	0.00872696
50.7254	0.00246337
50.7604	0.00507421
50.7954	0.00569579
50.8304	0.0222871
50.8654	0.0190087
50.9005	0.00794125
50.9355	0.00818208
50.9705	0.00425398
51.0055	0.000459348
51.0405	0.0094156
51.0755	0.00501074
51.1106	0.00957575
51.1456	0.00199897
51.1806	0.00619013
51.2156	0.0107431
51.2506	0.011831
51.2856	0.0120874
51.3207	0.00339756
51.3557	0.0142734
51.3907	0.00599894
51.4257	0.0131643
51.4607	0.00994681
51.4957	0.00311806
51.5308	0.00841901
51.5658	0.0118268
51.6008	0.0130648
51.6358	0.00929506
51.6708	0.0176589
51.7059	0.0150376
51.7409	0.00871673
51.7759	0.0137506
51.8109	0.019669
51.8459	0.0198024
51.8809	0.00386
51.916	0.00536733
51.951	0.0174246
51.986	0.00470859
52.021	0.00338729
52.056	0.00756903
52.091	0.0121011
52.1261	0.00948802
52.1611	0.00674718
52.1961	0.00662894
52.2311	0.00643831
52.2661	0.00560245
52.3012	0.0214082
52.3362	0.0114876
52.3712	0.0144338
52.4062	0.00755461
52.4412	0.00907022
52.4762	0.00643223
52.5113	-0.00325854
52.5463	0.00310995
52.5813	0.000946907
52.6163	-0.00124892
52.6513	0.00402321
52.6863	0.0166248
52.7214	0.00977782
52.7564	0.0164528
52.7914	0.0120549
52.8264	0.0139128
52.8614	0.00549552
52.8964	0.0126198
52.9315	0.0136436
52.9665	0.00711676
53.0015	0.0127977
53.0365	0.0128309
53.0715	0.00725224
53.1066	0.00438616
53.1416	0.00407936
53.1766	0.0104325
53.2116	0.011635
53.2466	0.00603737
53.2816	0.0101329
53.3167	0.0128527
53.3517	0.013091
53.3867	0.0177594
53.4217	0.0163849
53.4567	0.00499354
53.4917	0.0184179
53.5268	0.00734512
53.5618	0.0152244
53.5968	0.0103399
53.6318	0.00793925
53.6668	0.000961516
53.7019	0.00914218
53.7369	0.00220308
53.7719	0.0148365
53.8069	0.017584
53.8419	0.00601545
53.8769	0.0115099
53.912	0.00637304
53.947	0.00685758
53.982	0.0138725
54.017	0.00980731
54.052	0.0186982
54.087	0.00758884
54.1221	0.0149967
54.1571	0.0104871
54.1921	0.0139789
54.2271	0.00776421
54.2621	0.00975221
54.2971	0.00942251
54.3322	0.00581971
54.3672	0.0133104
54.4022	0.0132512
54.4372	0.0129678
54.4722	0.0176848
54.5073	0.0172467
54.5423	0.00812528
54.5773	0.0118653
54.6123	0.006882
54.6473	0.0101168
54.6823	0.00700125
54.7174	0.0181004
54.7524	0.0118185
54.7874	0.00890986
54.8224	0.0159681
54.8574	-0.000853064
54.8924	-7.04851e-05
54.9275	0.0139792
54.9625	0.0103025
54.9975	0.0112525
55.0325	0.00336845
55.0675	0.00988466
55.1026	0.0200191
55.1376	0.0141239
55.1726	0.0108538
55.2076	0.00781419
55.2426	0.00804385
55.2776	-0.000616908
55.3127	0.011338
55.3477	0.0143114
55.3827	0.00226134
55.4177	0.0069208
55.4527	0.00457934
55.4877	0.00575403
55.5228	0.0111731
55.5578	0.000968399
55.5928	0.0151728
55.6278	0.0168961
55.6628	0.0133247
55.6978	0.00420163
55.7329	0.0143954
55.7679	0.0292714
55.8029	0.0141451
55.8379	0.0326935
55.8729	0.0366819
55.908	0.0568005
55.943	0.0619167
55.978	0.0823788
56.013	0.100969
56.048	0.127887
56.083	0.140972
56.1181	0.169646
56.1531	0.188229
56.1881	0.231035
56.2231	0.251506
56.2581	0.282636
56.2931	0.314361
56.3282	0.333528
56.3632	0.366131
56.3982	0.389255
56.4332	0.400247
56.4682	0.39949
56.5033	0.409354
56.5383	0.409992
56.5733	0.387141
56.6083	0.375795
56.6433	0.365269
56.6783	0.337915
56.7134	0.311272
56.7484	0.289193
56.7834	0.252016
56.8184	0.222822
56.8534	0.203893
56.8884	0.161736
56.9235	0.133476
56.9585	0.116816
56.9935	0.0968244
57.0285	0.0747257
57.0635	0.0576194
57.0985	0.0622658
57.1336	0.0425563
57.1686	0.0294579
57.2036	0.0315968
57.2386	0.0217855
57.2736	0.0175326
57.3087	0.0189897
57.3437	0.0078124
57.3787	0.0146709
57.4137	0.0215134
57.4487	0.0136164
57.4837	0.00895388
57.5188	0.00799834
57.5538	0.00828436
57.5888	0.00893845
57.6238	0.00823803
57.6588	0.0146579
57.6938	0.00137908
57.7289	0.0143363
57.7639	0.00811662
57.7989	0.0118932
57.8339	0.00436978
57.8689	0.0166457
57.904	0.0162296
57.939	0.0147987
57.974	0.00242661
58.009	0.0141458
58.044	0.0120244
58.079	0.00197369
58.1141	0.00987854
58.1491	0.0118227
58.1841	0.0127804
58.2191	0.0108863
58.2541	0.0114562
58.2891	0.0173681
58.3242	0.0161302
58.3592	-0.00433527
58.3942	0.00841281
58.4292	0.00917674
58.4642	0.00123951
58.4992	0.0104709
58.5343	0.0162438
58.5693	0.00456716
58.6043	0.011682
58.6393	0.00542088
58.6743	0.00664044
58.7094	0.017387
58.7444	0.00728721
58.7794	0.0123111
58.8144	0.000643909
58.8494	0.0193116
58.8844	0.0130133
58.9195	0.0090875
58.9545	0.0128777
58.9895	0.0029509
59.0245	0.0159127
59.0595	0.00838008
59.0945	0.00897965
59.1296	0.00754172
59.1646	0.00709674
59.1996	0.0134734
59.2346	0.0112795
59.2696	0.0132587
59.3047	0.00995603
59.3397	0.012566
59.3747	0.00790576
59.4097	0.0211487
59.4447	0.00216035
59.4797	0.0163047
59.5148	0.0168395
59.5498	0.00573921
59.5848	0.0211464
59.6198	0.0149775
59.6548	0.0148557
59.6898	0.0101401
59.7249	0.00891387
59.7599	0.00895296
59.7949	0.0119527
59.8299	0.0170059
59.8649	0.0109066
59.8999	0.00544278
59.935	0.0141221
59.97	0.0146058
60.005	0.0132733
60.04	0.0137275
60.075	0.00864536
60.1101	0.00535505
60.1451	0.00565903
60.1801	0.00182268
60.2151	0.0111847
60.2501	0.00958276
60.2851	0.00780006
60.3202	-0.00477809
60.3552	0.00376341
60.3902	0.0156042
60.4252	0.00667687
60.4602	0.011803
60.4952	0.00304657
60.5303	0.0171935
60.5653	0.00927986
60.6003	0.0114502
60.6353	0.0216289
60.6703	0.0175822
60.7054	0.00846717
60.7404	0.0070339
60.7754	0.00837227
60.8104	0.0125495
60.8454	0.00947388
60.8804	0.00802378
60.9155	0.0173359
60.9505	0.00942895
60.9855	0.0214979
61.0205	0.0104537
61.0555	0.0189266
61.0905	0.0117866
61.1256	0.0148148
61.1606	0.00637694
61.1956	0.0057312
61.2306	0.0122985
61.2656	0.0149428
61.3007	0.0102013
61.3357	0.00356803
61.3707	0.00319871
61.4057	0.00286432
61.4407	0.00116189
61.4757	0.0105474
61.5108	0.0156252
61.5458	0.00993292
61.5808	-0.00130207
61.6158	0.0090462
61.6508	0.00918601
61.6858	0.02048
61.7209	0.00271431
61.7559	0.00804661
61.7909	0.0185293
61.8259	0.0122499
61.8609	0.0128166
61.8959	0.0105729
61.931	0.0116497
61.966	0.013888
62.001	0.00595257
62.036	0.0143903
62.071	0.00313498
62.1061	0.0116418
62.1411	0.0108937
62.1761	0.00691853
62.2111	0.00988657
62.2461	0.0068873
62.2811	0.00464149
62.3162	0.00823193
62.3512	0.00448006
62.3862	0.011614
62.4212	0.00424957
62.4562	0.0135599
62.4912	0.0040926
62.5263	0.00716853
62.5613	0.00687698
62.5963	0.0166257
62.6313	0.0116514
62.6663	0.00894133
62.7014	0.0124936
62.7364	-0.000535962
62.7714	0.00978433
62.8064	0.0199876
62.8414	0.0106617
62.8764	0.0103396
62.9115	0.0127406
62.9465	0.014478
62.9815	1.26665e-05
63.0165	0.00158837
63.0515	0.0110515
63.0865	0.00642562
63.1216	0.0165601
63.1566	0.00842413
63.1916	0.000327346
63.2266	0.00365993
63.2616	-0.00374838
63.2966	0.00882937
63.3317	0.00905808
63.3667	0.00787769
63.4017	0.0153944
63.4367	0.0159926
63.4717	0.00914806
63.5068	-0.000673468
63.5418	0.0130864
63.5768	0.0127768
63.6118	0.011547
63.6468	0.0149074
63.6818	0.00417586
63.7169	0.0200438
63.7519	0.00520286
63.7869	0.0137461
63.8219	0.00156326
63.8569	0.00534868
63.8919	0.0175818
63.927	0.0086955
63.962	0.0141996
63.997	0.0111848
64.032	0.00947521
64.067	0.0168193
64.1021	0.00881671
64.1371	0.00109631
64.1721	0.0059838
64.2071	0.012756
64.2421	0.0119775
64.2771	0.00216471
64.3122	0.00637829
64.3472	0.00709139
64.3822	0.00817265
64.4172	0.00312043
64.4522	0.00685814
64.4872	0.00635695
64.5223	0.0138577
64.5573	0.0140456
64.5923	0.00927095
64.6273	0.0080398
64.6623	0.0106996
64.6973	0.00591712
64.7324	0.00426584
64.7674	0.00529889
64.8024	0.00682593
64.8374	0.00418263
64.8724	0.0108103
64.9075	0.0136486
64.9425	0.00206451
64.9775	0.0101256
65.0125	0.00890032
65.0475	0.0117075
65.0825	0.00993531
65.1176	0.002732
65.1526	0.00368805
65.1876	0.0101471
65.2226	0.0151439
65.2576	-0.00107094
65.2926	0.0117286
65.3277	0.0159481
65.3627	0.00923487
65.3977	0.012751
65.4327	0.00648465
65.4677	0.00940317
65.5028	0.00189543
65.5378	-0.00172172
65.5728	0.0147138
65.6078	0.00507503
65.6428	0.00772236
65.6778	0.00306779
65.7129	0.00295015
65.7479	0.00913081
65.7829	0.00635211
65.8179	0.0118899
65.8529	0.0122627
65.8879	0.0116042
65.923	0.011193
65.958	0.0178888
65.993	0.00466203
66.028	0.00972533
66.063	0.0156634
66.098	0.0163227
66.1331	0.00289118
66.1681	0.00843822
66.2031	0.0167906
66.2381	0.0125404
66.2731	0.0109763
66.3082	0.00891158
66.3432	0.008081
66.3782	0.0114411
66.4132	0.00873813
66.4482	0.00978711
66.4832	0.010393
66.5183	0.00660964
66.5533	0.0126606
66.5883	0.0245712
66.6233	0.00111507
66.6583	0.0116201
66.6933	0.00619905
66.7284	0.012887
66.7634	0.0102328
66.7984	0.0138093
66.8334	0.0158775
66.8684	0.0109621
66.9035	0.0156603
66.9385	-0.00172149
66.9735	0.0179523
67.0085	0.0118753
67.0435	0.0153892
67.0785	0.00390062
67.1136	0.00584615
67.1486	0.0107297
67.1836	0.00991481
67.2186	0.0114153
67.2536	0.0154226
67.2886	0.0011739
67.3237	0.0148691
67.3587	0.0100414
67.3937	0.00898109
67.4287	0.00264442
67.4637	0.0125152
67.4987	-0.00207054
67.5338	0.013242
67.5688	0.00253947
67.6038	0.0102673
67.6388	0.00940416
67.6738	0.0158477
67.7089	0.00910672
67.7439	0.00652931
67.7789	0.00746699
67.8139	0.0163644
67.8489	0.0126815
67.8839	0.00807185
67.919	0.00881777
67.954	0.00216411
67.989	0.0119424
68.024	0.00120092
68.059	0.013759
68.094	0.0106431
68.1291	0.0219348
68.1641	0.00449932
68.1991	0.00948669
68.2341	0.0189914
68.2691	0.0159569
68.3042	0.00651894
68.3392	0.0111198
68.3742	0.01001
68.4092	0.0114098
68.4442	0.0065066
68.4792	0.0095534
68.5143	0.00200974
68.5493	0.0106756
68.5843	0.0122501
68.6193	0.0088629
68.6543	0.00192475
68.6893	0.0149427
68.7244	0.0118226
68.7594	0.00636992
68.7944	0.008597
68.8294	0.00249665
68.8644	0.00487295
68.8994	0.00731094
68.9345	0.0161421
68.9695	0.00680248
69.0045	0.0132011
69.0395	0.00730842
69.0745	0.0112397
69.1096	0.00929302
69.1446	0.0143653
69.1796	0.00732594
69.2146	0.00213736
69.2496	0.00309025
69.2846	0.00734061
69.3197	0.0037547
69.3547	0.0120511
69.3897	0.00767116
69.4247	0.021873
69.4597	0.00131143
69.4947	0.0110182
69.5298	0.00436023
69.5648	0.00753299
69.5998	0.0107071
69.6348	-0.00162686
69.6698	0.0111841
69.7049	0.0195145
69.7399	0.00773281
69.7749	0.011299
69.8099	0.0151246
69.8449	0.00918023
69.8799	0.0070952
69.915	-0.00137868
69.95	0.013205
69.985	0.00943416
70.02	0.00493658
70.055	0.010633
70.09	0.0070816
70.1251	0.00735787
70.1601	0.0130315
70.1951	0.00330809
70.2301	0.0152366
70.2651	0.00301157
70.3002	0.00668649
70.3352	0.0196147
70.3702	0.0156368
70.4052	0.010488
70.4402	0.00529735
70.4752	0.00735364
70.5103	0.0103664
70.5453	0.0101876
70.5803	0.00954565
70.6153	0.00984584
70.6503	0.00892812
70.6853	0.00279011
70.7204	0.00741745
70.7554	0.0145731
70.7904	0.00315833
70.8254	0.00905222
70.8604	0.00590123
70.8954	0.0105568
70.9305	0.00805683
70.9655	0.017387
71.0005	0.0125329
71.0355	0.00344098
71.0705	0.0133561
71.1056	0.00612674
71.1406	0.00711502
71.1756	0.0115691
71.2106	0.00754126
71.2456	0.0144643
71.2806	0.00612745
71.3157	0.00690527
71.3507	0.00671815
71.3857	0.00717181
71.4207	0.015496
71.4557	0.013144
71.4907	0.0185497
71.5258	0.0213382
71.5608	0.00484641
71.5958	0.0103521
71.6308	0.004119
71.6658	0.00611197
71.7009	0.00684959
71.7359	0.00471423
71.7709	0.00474056
71.8059	0.00927858
71.8409	0.00391641
71.8759	0.0142106
71.911	0.00541123
71.946	0.0240478
71.981	0.00774308
72.016	0.0103601
72.051	0.00352329
72.086	0.0185305
72.1211	0.0155975
72.1561	0.0114846
72.1911	0.00326599
72.2261	0.0110533
72.2611	0.00439284
72.2961	0.0173118
72.3312	0.014046
72.3662	0.0104772
72.4012	-0.00218188
72.4362	0.00508292
72.4712	0.0134388
72.5063	0.0160644
72.5413	0.0155458
72.5763	0.00203993
72.6113	0.0115078
72.6463	0.0150776
72.6813	0.00170832
72.7164	0.00996048
72.7514	0.0113692
72.7864	0.00849618
72.8214	0.000739191
72.8564	0.00837151
72.8914	0.00836347
72.9265	0.00925964
72.9615	0.00718264
72.9965	0.00778494
73.0315	0.00980147
73.0665	0.0122123
73.1016	0.00847787
73.1366	0.00795176
73.1716	0.0104618
73.2066	0.00039542
73.2416	0.0123852
73.2766	0.00999718
73.3117	0.0101985
73.3467	0.0148037
73.3817	0.000235922
73.4167	0.000130831
73.4517	0.011369
73.4867	0.00996442
73.5218	0.0108509
73.5568	0.00768936
73.5918	0.0133218
73.6268	0.0146632
73.6618	0.0124199
73.6968	0.00869586
73.7319	-0.000538447
73.7669	0.0138462
73.8019	0.0161086
73.8369	0.0132228
73.8719	0.00560179
73.907	0.013369
73.942	0.0143026
73.977	0.0177941
74.012	0.00561945
74.047	0.00886773
74.082	0.0137364
74.1171	0.0102871
74.1521	0.00441336
74.1871	0.0120731
74.2221	0.0128933
74.2571	0.0104398
74.2921	0.0110979
74.3272	0.00870648
74.3622	0.0173914
74.3972	0.00549656
74.4322	0.00706344
74.4672	0.010055
74.5023	0.0143949
74.5373	0.00251335
74.5723	0.00344888
74.6073	-0.00018804
74.6423	0.0101645
74.6773	0.00441012
74.7124	0.00807993
74.7474	0.0133112
74.7824	0.00679918
74.8174	0.0111673
74.8524	0.00852036
74.8874	0.013387
74.9225	0.0124161
74.9575	0.00660178
74.9925	0.00924909
75.0275	0.0153561
75.0625	0.0121693
75.0975	0.00331036
75.1326	0.0137043
75.1676	0.00518615
75.2026	0.0179247
75.2376	0.0163285
75.2726	0.0131251
75.3077	0.0130875
75.3427	0.0120839
75.3777	0.0176048
75.4127	0.0137598
75.4477	0.0185849
75.4827	0.0240356
75.5178	0.0197049
75.5528	0.0229422
75.5878	0.0243403
75.6228	0.0301702
75.6578	0.0325336
75.6928	0.0526154
75.7279	0.0665021
75.7629	0.0743502
75.7979	0.0701816
75.8329	0.0943612
75.8679	0.111582
75.903	0.117157
75.938	0.136027
75.973	0.142488
76.008	0.171561
76.043	0.183014
76.078	0.207503
76.1131	0.216566
76.1481	0.24425
76.1831	0.262705
76.2181	0.268189
76.2531	0.27903
76.2881	0.284284
76.3232	0.301525
76.3582	0.304958
76.3932	0.302188
76.4282	0.311292
76.4632	0.302894
76.4982	0.293031
76.5333	0.28625
76.5683	0.282609
76.6033	0.266443
76.6383	0.247276
76.6733	0.234243
76.7084	0.207701
76.7434	0.195567
76.7784	0.177968
76.8134	0.156989
76.8484	0.144207
76.8834	0.121664
76.9185	0.112696
76.9535	0.0986804
76.9885	0.0683959
77.0235	0.0773251
77.0585	0.0458595
77.0935	0.0490383
77.1286	0.0494982
77.1636	0.0361836
77.1986	0.0248821
77.2336	0.0221223
77.2686	0.0289265
77.3037	0.0110982
77.3387	0.0238722
77.3737	0.0159841
77.4087	0.00875319
77.4437	0.0106008
77.4787	0.00751014
77.5138	0.0162289
77.5488	0.0150356
77.5838	0.00238826
77.6188	0.00868009
77.6538	0.0061743
77.6888	0.0168084
77.7239	0.00348414
77.7589	0.0181811
77.7939	0.00994142
77.8289	0.0042624
77.8639	0.00666129
77.8989	0.00602312
77.934	0.00364714
77.969	0.0104871
78.004	0.00386867
78.039	-0.000896641
78.074	0.00810485
78.1091	0.000987712
78.1441	0.00624041
78.1791	0.00545522
78.2141	0.00564436
78.2491	0.0200051
78.2841	0.0102822
78.3192	0.0112269
78.3542	0.00111806
78.3892	0.00673021
78.4242	0.0110765
78.4592	0.00487736
78.4942	0.0145403
78.5293	0.00398652
78.5643	0.00856817
78.5993	0.00706974
78.6343	0.0108216
78.6693	0.00679755
78.7044	0.00864553
78.7394	0.00881935
78.7744	0.00632806
78.8094	0.0124255
78.8444	0.0111919
78.8794	0.00955693
78.9145	0.00784771
78.9495	0.0139827
78.9845	0.00882083
79.0195	0.00846651
79.0545	0.0105235
79.0895	0.0184829
79.1246	0.00329822
79.1596	0.0138493
79.1946	0.000534144
79.2296	0.0110864
79.2646	0.0178754
79.2996	0.0124433
79.3347	0.0108531
79.3697	0.00719775
79.4047	0.0101552
79.4397	0.00873969
79.4747	0.00607012
79.5098	0.00855062
79.5448	0.0109919
79.5798	0.00616391
79.6148	0.00596859
79.6498	0.00319878
79.6848	0.0119536
79.7199	0.0127266
79.7549	0.0111583
79.7899	0.0148259
79.8249	0.0104393
79.8599	0.0119601
79.8949	0.0115192
79.93	0.0095423
79.965	0.00734589
80	0.0210708
